1 83 83 61 227 
2 30 43 66 139 
3 10 71 83 164 
4 86 76 5 167 
5 67 44 69 180 
6 35 88 88 211 
7 39 36 39 114 
8 2 58 9 69 
9 14 24 86 124 
10 80 72 8 160 
11 29 85 7 121 
12 72 62 44 178 
13 26 72 78 176 
14 16 26 89 131 
15 57 33 76 166 
16 41 5 30 76 
17 40 44 63 147 
18 34 50 51 135 
19 56 2 23 81 
20 46 65 68 179 
21 84 90 19 193 
22 33 91 22 146 
23 40 29 60 129 
24 89 69 25 183 
25 15 90 52 157 
26 25 57 50 132 
27 16 46 83 145 
28 35 54 77 166 
29 45 8 23 76 
30 95 80 52 227 
31 47 32 16 95 
32 72 12 13 97 
33 97 88 24 209 
34 16 66 74 156 
35 98 82 77 257 
36 5 60 62 127 
37 85 77 35 197 
38 29 59 95 183 
39 87 77 95 259 
40 10 29 82 121 
41 39 31 38 108 
42 8 66 51 125 
43 35 23 77 135 
44 19 9 78 106 
45 71 45 59 175 
46 91 18 82 191 
47 38 3 54 95 
48 25 21 85 131 
49 82 12 30 124 
50 13 73 71 157 
51 69 75 46 190 
52 23 25 19 67 
53 6 31 10 47 
54 80 16 97 193 
55 5 24 21 50 
56 63 78 73 214 
57 72 35 39 146 
58 36 49 44 129 
59 76 30 26 132 
60 9 23 72 104 
61 71 40 1 112 
62 44 98 13 155 
63 37 14 19 70 
64 42 5 25 72 
65 83 67 29 179 
66 41 49 96 186 
67 60 57 3 120 
68 90 21 71 182 
69 75 34 14 123 
70 45 82 1 128 
71 54 2 45 101 
72 87 81 51 219 
73 49 62 8 119 
74 53 31 65 149 
75 52 1 65 118 
76 91 76 41 208 
77 3 40 38 81 
78 57 64 98 219 
79 12 60 45 117 
80 74 25 13 112 
81 15 21 44 80 
82 76 82 59 217 
83 61 75 73 209 
84 40 75 74 189 
85 25 28 20 73 
86 68 87 54 209 
87 83 10 8 101 
88 15 62 5 82 
89 21 62 62 145 
90 43 26 2 71 
91 72 83 62 217 
92 32 32 67 131 
93 17 43 35 95 
94 54 56 55 165 
95 85 72 71 228 
96 62 20 21 103 
97 81 49 42 172 
98 56 71 95 222 
99 14 75 58 147 
100 60 97 50 207 
