1 79 91 86 256 
2 93 53 30 176 
3 51 32 1 84 
4 56 90 14 160 
5 59 6 63 128 
6 54 4 84 142 
7 12 1 79 92 
8 75 47 32 154 
9 65 25 46 136 
10 91 84 81 256 
11 94 3 21 118 
12 92 7 55 154 
13 46 8 77 131 
14 41 15 41 97 
15 68 27 90 185 
16 13 65 33 111 
17 74 46 39 159 
18 66 10 73 149 
19 88 65 65 218 
20 76 19 84 179 
21 32 80 74 186 
22 97 41 37 175 
23 93 27 71 191 
24 77 53 98 228 
25 2 38 30 70 
26 35 77 45 157 
27 68 53 65 186 
28 28 44 81 153 
29 88 81 21 190 
30 98 1 97 196 
31 20 22 60 102 
32 16 62 62 140 
33 42 60 11 113 
34 61 81 11 153 
35 1 48 63 112 
36 41 30 7 78 
37 27 90 43 160 
38 67 74 14 155 
39 53 66 41 160 
40 35 55 39 129 
41 59 14 32 105 
42 23 7 40 70 
43 72 57 31 160 
44 80 90 79 249 
45 60 58 20 138 
46 59 66 66 191 
47 73 85 20 178 
48 43 31 76 150 
49 12 78 71 161 
50 47 50 96 193 
51 44 9 20 73 
52 92 72 55 219 
53 22 51 16 89 
54 59 58 69 186 
55 55 9 32 96 
56 68 71 51 190 
57 22 39 8 69 
58 42 49 59 150 
59 28 72 76 176 
60 58 47 69 174 
61 12 9 67 88 
62 10 95 22 127 
63 98 91 7 196 
64 92 38 33 163 
65 17 50 87 154 
66 20 73 21 114 
67 24 76 67 167 
68 28 39 90 157 
69 10 48 54 112 
70 97 70 23 190 
71 84 85 17 186 
72 55 2 4 61 
73 49 63 2 114 
74 36 22 6 64 
75 83 98 68 249 
76 94 65 85 244 
77 56 83 51 190 
78 70 11 22 103 
79 70 6 62 138 
80 8 84 53 145 
81 19 41 15 75 
82 75 47 89 211 
83 45 36 78 159 
84 83 67 71 221 
85 51 61 49 161 
86 27 62 35 124 
87 22 55 81 158 
88 22 32 1 55 
89 51 73 70 194 
90 32 70 81 183 
91 73 38 73 184 
92 60 9 64 133 
93 29 58 13 100 
94 2 86 91 179 
95 75 5 70 150 
96 81 50 43 174 
97 46 92 19 157 
98 72 13 34 119 
99 52 58 46 156 
100 28 37 21 86 
101 73 82 79 234 
102 77 12 48 137 
103 68 96 81 245 
104 8 75 47 130 
105 65 66 77 208 
106 9 24 16 49 
107 91 70 26 187 
108 14 31 38 83 
109 98 24 29 151 
110 82 70 48 200 
111 95 13 31 139 
112 95 79 89 263 
113 40 69 30 139 
114 67 48 96 211 
115 84 63 82 229 
116 15 28 72 115 
117 8 61 37 106 
118 3 90 58 151 
119 30 21 75 126 
120 33 79 16 128 
121 73 39 52 164 
122 34 30 14 78 
123 63 48 87 198 
124 64 96 30 190 
125 58 47 11 116 
126 30 75 42 147 
127 54 15 5 74 
128 3 78 11 92 
129 73 7 86 166 
130 9 37 1 47 
131 13 3 29 45 
132 61 80 70 211 
133 24 4 97 125 
134 26 73 35 134 
135 76 48 56 180 
136 88 16 34 138 
137 80 17 40 137 
138 81 1 49 131 
139 48 3 68 119 
140 67 92 84 243 
141 52 35 41 128 
142 26 51 57 134 
143 65 17 27 109 
144 83 7 34 124 
145 77 82 30 189 
146 65 94 68 227 
147 80 14 28 122 
148 85 4 36 125 
149 48 50 32 130 
150 30 15 14 59 
151 81 44 21 146 
152 90 46 91 227 
153 70 64 27 161 
154 27 3 22 52 
155 43 69 74 186 
156 91 70 49 210 
157 59 66 74 199 
158 9 4 48 61 
159 46 85 46 177 
160 55 14 35 104 
161 79 79 55 213 
162 37 51 16 104 
163 9 31 7 47 
164 37 79 14 130 
165 72 36 29 137 
166 29 18 48 95 
167 53 17 74 144 
168 54 59 10 123 
169 82 8 89 179 
170 69 49 30 148 
171 55 25 5 85 
172 84 95 51 230 
173 6 25 79 110 
174 93 93 79 265 
175 95 37 68 200 
176 25 82 70 177 
177 21 10 50 81 
178 73 48 55 176 
179 68 62 33 163 
180 57 60 81 198 
181 75 70 83 228 
182 2 3 94 99 
183 25 52 45 122 
184 10 86 45 141 
185 22 9 48 79 
186 40 56 17 113 
187 89 67 47 203 
188 32 53 91 176 
189 65 34 46 145 
190 67 81 73 221 
191 15 34 97 146 
192 14 89 86 189 
193 19 67 62 148 
194 1 10 50 61 
195 73 80 22 175 
196 80 12 64 156 
197 42 69 73 184 
198 47 29 97 173 
199 14 45 27 86 
200 11 49 90 150 
201 4 14 1 19 
202 60 3 83 146 
203 36 28 22 86 
204 66 55 56 177 
205 67 7 44 118 
206 83 46 45 174 
207 55 15 24 94 
208 6 67 61 134 
209 21 21 88 130 
210 56 62 57 175 
211 51 50 25 126 
212 43 87 26 156 
213 38 39 5 82 
214 33 97 98 228 
215 14 64 30 108 
216 10 53 89 152 
217 39 92 23 154 
218 89 74 40 203 
219 72 87 89 248 
220 73 8 77 158 
221 38 20 39 97 
222 45 85 47 177 
223 93 28 78 199 
224 22 32 39 93 
225 2 35 49 86 
226 84 13 6 103 
227 89 50 79 218 
228 70 41 6 117 
229 39 36 75 150 
230 49 56 13 118 
231 60 56 79 195 
232 60 66 19 145 
233 21 27 5 53 
234 5 66 60 131 
235 22 61 30 113 
236 62 42 33 137 
237 25 5 9 39 
238 76 68 22 166 
239 52 64 69 185 
240 96 65 16 177 
241 77 52 33 162 
242 35 44 48 127 
243 7 53 30 90 
244 41 74 11 126 
245 1 30 1 32 
246 27 74 6 107 
247 75 16 98 189 
248 88 33 63 184 
249 54 86 76 216 
250 69 83 64 216 
251 40 68 95 203 
252 76 72 37 185 
253 89 48 37 174 
254 3 86 75 164 
255 71 5 32 108 
256 9 32 4 45 
257 84 69 45 198 
258 78 88 21 187 
259 49 66 79 194 
260 66 39 98 203 
261 21 67 27 115 
262 31 20 88 139 
263 26 91 8 125 
264 26 29 39 94 
265 34 85 25 144 
266 49 44 29 122 
267 41 2 21 64 
268 45 84 28 157 
269 8 59 63 130 
270 84 52 24 160 
271 57 24 68 149 
272 2 4 87 93 
273 23 52 34 109 
274 79 51 7 137 
275 53 95 45 193 
276 85 81 25 191 
277 7 77 29 113 
278 10 17 9 36 
279 56 65 13 134 
280 79 50 38 167 
281 56 62 53 171 
282 37 82 51 170 
283 91 45 53 189 
284 46 51 20 117 
285 80 85 77 242 
286 15 46 36 97 
287 10 44 58 112 
288 65 47 16 128 
289 86 25 44 155 
290 68 11 18 97 
291 48 21 41 110 
292 78 5 68 151 
293 77 18 11 106 
294 17 52 6 75 
295 64 67 94 225 
296 44 39 2 85 
297 40 29 42 111 
298 86 80 58 224 
299 29 19 97 145 
300 15 42 23 80 
301 48 7 66 121 
302 71 27 20 118 
303 49 43 25 117 
304 72 62 1 135 
305 32 45 32 109 
306 87 62 95 244 
307 93 59 19 171 
308 31 23 68 122 
309 19 72 48 139 
310 62 4 85 151 
311 72 14 81 167 
312 95 70 78 243 
313 65 70 3 138 
314 17 27 9 53 
315 44 78 52 174 
316 26 58 69 153 
317 18 41 71 130 
318 72 35 80 187 
319 32 30 83 145 
320 95 13 17 125 
321 38 42 84 164 
322 20 44 63 127 
323 45 5 60 110 
324 86 80 76 242 
325 86 66 65 217 
326 61 28 94 183 
327 65 3 3 71 
328 4 63 25 92 
329 11 18 2 31 
330 37 74 61 172 
331 97 63 38 198 
332 32 48 90 170 
333 52 66 63 181 
334 53 83 16 152 
335 15 65 86 166 
336 88 44 41 173 
337 57 73 6 136 
338 35 9 52 96 
339 10 77 67 154 
340 85 37 76 198 
341 69 65 67 201 
342 33 87 77 197 
343 8 67 85 160 
344 31 36 14 81 
345 56 1 29 86 
346 16 83 90 189 
347 9 86 1 96 
348 76 54 43 173 
349 28 72 3 103 
350 87 93 56 236 
351 94 43 7 144 
352 22 16 52 90 
353 46 3 31 80 
354 81 5 1 87 
355 79 28 40 147 
356 61 88 13 162 
357 5 81 44 130 
358 96 42 76 214 
359 38 56 93 187 
360 70 85 3 158 
361 50 16 75 141 
362 35 53 6 94 
363 91 68 97 256 
364 85 77 27 189 
365 32 73 35 140 
366 31 26 61 118 
367 12 12 12 36 
368 78 26 5 109 
369 27 9 67 103 
370 73 9 72 154 
371 82 49 92 223 
372 5 48 87 140 
373 83 79 37 199 
374 77 27 80 184 
375 69 66 30 165 
376 75 19 67 161 
377 66 60 3 129 
378 88 20 32 140 
379 54 80 24 158 
380 40 26 50 116 
381 53 94 67 214 
382 19 55 24 98 
383 41 45 96 182 
384 15 24 68 107 
385 16 9 61 86 
386 5 55 53 113 
387 28 64 14 106 
388 59 3 94 156 
389 44 71 76 191 
390 48 26 87 161 
391 12 59 89 160 
392 18 3 78 99 
393 94 52 87 233 
394 1 62 65 128 
395 3 86 7 96 
396 96 63 38 197 
397 55 68 29 152 
398 91 63 28 182 
399 74 27 84 185 
400 53 45 12 110 
401 77 15 23 115 
402 31 4 1 36 
403 89 33 38 160 
404 21 23 7 51 
405 59 15 61 135 
406 49 21 91 161 
407 52 44 3 99 
408 84 54 72 210 
409 60 15 83 158 
410 93 12 70 175 
411 72 86 57 215 
412 86 37 55 178 
413 33 10 92 135 
414 78 94 36 208 
415 66 73 86 225 
416 20 42 85 147 
417 42 89 13 144 
418 21 22 94 137 
419 57 86 17 160 
420 45 26 88 159 
421 68 61 59 188 
422 50 91 33 174 
423 20 40 64 124 
424 47 70 6 123 
425 90 62 72 224 
426 72 96 62 230 
427 59 14 84 157 
428 23 28 47 98 
429 48 55 78 181 
430 43 27 95 165 
431 43 47 3 93 
432 14 1 7 22 
433 3 71 41 115 
434 91 62 87 240 
435 7 13 82 102 
436 37 86 63 186 
437 18 57 21 96 
438 83 57 7 147 
439 19 16 65 100 
440 25 90 74 189 
441 36 98 68 202 
442 22 55 83 160 
443 74 85 72 231 
444 13 55 1 69 
445 35 87 51 173 
446 38 96 43 177 
447 61 58 84 203 
448 2 16 5 23 
449 40 50 31 121 
450 28 34 37 99 
451 58 36 94 188 
452 43 31 38 112 
453 75 93 66 234 
454 80 78 9 167 
455 61 38 26 125 
456 19 45 13 77 
457 98 69 70 237 
458 47 34 46 127 
459 26 19 57 102 
460 63 1 60 124 
461 36 77 61 174 
462 69 91 53 213 
463 28 39 74 141 
464 58 21 40 119 
465 58 29 60 147 
466 55 41 12 108 
467 55 37 90 182 
468 32 14 95 141 
469 46 93 74 213 
470 79 55 61 195 
471 8 38 69 115 
472 5 48 7 60 
473 70 33 87 190 
474 27 64 25 116 
475 52 41 11 104 
476 9 58 96 163 
477 65 31 66 162 
478 29 7 7 43 
479 16 18 92 126 
480 41 19 21 81 
481 39 16 77 132 
482 9 30 23 62 
483 46 31 85 162 
484 16 28 60 104 
485 88 45 11 144 
486 88 75 73 236 
487 59 36 9 104 
488 71 27 15 113 
489 89 13 87 189 
490 69 69 95 233 
491 17 62 93 172 
492 21 88 82 191 
493 49 56 5 110 
494 23 57 3 83 
495 34 95 5 134 
496 97 1 38 136 
497 32 86 98 216 
498 43 38 80 161 
499 45 93 12 150 
500 25 6 47 78 
501 47 48 81 176 
502 35 1 44 80 
503 53 29 83 165 
504 61 23 6 90 
505 11 74 74 159 
506 42 72 78 192 
507 41 81 81 203 
508 23 51 29 103 
509 97 17 60 174 
510 59 66 96 221 
511 88 51 21 160 
512 34 66 52 152 
513 19 69 53 141 
514 26 38 1 65 
515 97 84 75 256 
516 28 89 82 199 
517 43 1 29 73 
518 60 36 28 124 
519 22 58 69 149 
520 93 93 46 232 
521 73 64 46 183 
522 24 77 29 130 
523 56 9 38 103 
524 38 5 66 109 
525 7 23 80 110 
526 34 37 28 99 
527 57 33 28 118 
528 46 86 72 204 
529 12 90 13 115 
530 52 40 17 109 
531 51 26 61 138 
532 50 47 60 157 
533 39 11 10 60 
534 79 45 86 210 
535 81 8 76 165 
536 42 70 54 166 
537 13 82 63 158 
538 45 20 30 95 
539 38 81 20 139 
540 76 94 30 200 
541 22 19 49 90 
542 18 75 89 182 
543 31 16 37 84 
544 5 80 92 177 
545 1 22 84 107 
546 21 22 67 110 
547 6 29 82 117 
548 95 9 19 123 
549 16 41 72 129 
550 70 65 44 179 
551 56 43 10 109 
552 83 22 84 189 
553 91 79 93 263 
554 91 32 50 173 
555 56 12 7 75 
556 68 32 10 110 
557 69 7 52 128 
558 98 65 90 253 
559 63 85 64 212 
560 96 57 71 224 
561 42 87 56 185 
562 4 63 40 107 
563 87 90 14 191 
564 6 94 94 194 
565 44 19 52 115 
566 59 22 20 101 
567 32 64 7 103 
568 43 21 74 138 
569 58 41 14 113 
570 40 10 59 109 
571 61 68 29 158 
572 18 24 91 133 
573 6 80 12 98 
574 92 46 8 146 
575 85 40 59 184 
576 59 20 33 112 
577 46 49 21 116 
578 79 27 86 192 
579 50 25 9 84 
580 7 27 47 81 
581 39 48 65 152 
582 5 22 15 42 
583 39 37 81 157 
584 73 43 56 172 
585 24 50 83 157 
586 98 39 51 188 
587 38 6 86 130 
588 11 29 83 123 
589 80 62 2 144 
590 52 40 30 122 
591 7 50 85 142 
592 84 94 58 236 
593 8 43 88 139 
594 14 57 97 168 
595 49 91 61 201 
596 65 35 33 133 
597 64 96 88 248 
598 20 10 7 37 
599 12 34 15 61 
600 51 70 60 181 
601 1 25 13 39 
602 28 25 43 96 
603 23 92 88 203 
604 21 84 77 182 
605 2 71 4 77 
606 95 71 20 186 
607 76 85 31 192 
608 9 21 6 36 
609 36 49 77 162 
610 12 13 9 34 
611 52 7 61 120 
612 21 82 38 141 
613 59 56 9 124 
614 66 8 52 126 
615 23 41 89 153 
616 32 3 65 100 
617 88 35 7 130 
618 12 85 31 128 
619 65 85 11 161 
620 21 34 60 115 
621 78 64 38 180 
622 71 9 41 121 
623 49 87 92 228 
624 28 72 61 161 
625 22 48 60 130 
626 61 81 48 190 
627 84 80 59 223 
628 23 3 20 46 
629 25 75 13 113 
630 18 51 89 158 
631 17 40 45 102 
632 51 20 78 149 
633 50 38 68 156 
634 44 28 62 134 
635 43 88 12 143 
636 92 91 70 253 
637 15 37 79 131 
638 69 72 54 195 
639 22 44 8 74 
640 81 92 22 195 
641 59 11 3 73 
642 62 23 92 177 
643 94 18 36 148 
644 95 66 31 192 
645 37 71 11 119 
646 26 52 16 94 
647 18 56 28 102 
648 47 15 72 134 
649 9 64 24 97 
650 87 31 59 177 
651 37 87 21 145 
652 96 25 94 215 
653 31 94 63 188 
654 16 92 84 192 
655 63 1 69 133 
656 85 61 74 220 
657 74 79 93 246 
658 5 94 61 160 
659 39 97 12 148 
660 37 88 39 164 
661 8 55 47 110 
662 32 41 87 160 
663 53 89 98 240 
664 1 35 98 134 
665 35 11 95 141 
666 55 95 38 188 
667 2 88 7 97 
668 24 45 62 131 
669 54 93 60 207 
670 36 94 42 172 
671 96 9 60 165 
672 48 64 54 166 
673 14 3 91 108 
674 77 98 58 233 
675 24 75 19 118 
676 84 28 43 155 
677 73 89 3 165 
678 70 47 61 178 
679 25 6 93 124 
680 40 60 9 109 
681 89 75 41 205 
682 17 79 32 128 
683 50 62 38 150 
684 81 40 68 189 
685 13 55 38 106 
686 37 18 37 92 
687 13 30 32 75 
688 30 6 9 45 
689 90 45 84 219 
690 73 39 50 162 
691 86 33 81 200 
692 24 75 5 104 
693 25 35 20 80 
694 65 40 30 135 
695 5 26 90 121 
696 66 18 16 100 
697 71 11 15 97 
698 34 69 8 111 
699 96 67 33 196 
700 64 23 72 159 
701 34 38 96 168 
702 82 38 72 192 
703 7 9 52 68 
704 19 84 90 193 
705 63 77 62 202 
706 35 22 39 96 
707 85 93 11 189 
708 20 95 38 153 
709 77 40 97 214 
710 77 36 75 188 
711 69 35 35 139 
712 35 18 23 76 
713 27 29 45 101 
714 52 86 4 142 
715 27 2 62 91 
716 47 50 64 161 
717 16 7 23 46 
718 28 30 75 133 
719 50 23 74 147 
720 89 78 35 202 
721 50 90 16 156 
722 21 47 29 97 
723 16 93 18 127 
724 91 26 15 132 
725 11 19 60 90 
726 14 60 84 158 
727 39 65 20 124 
728 49 16 30 95 
729 33 68 14 115 
730 42 49 97 188 
731 5 5 16 26 
732 10 57 21 88 
733 70 85 41 196 
734 70 83 84 237 
735 86 38 72 196 
736 14 3 43 60 
737 4 67 93 164 
738 50 55 34 139 
739 12 95 74 181 
740 72 76 49 197 
741 86 24 58 168 
742 90 73 22 185 
743 82 38 11 131 
744 60 81 64 205 
745 70 64 27 161 
746 18 38 26 82 
747 80 74 35 189 
748 65 22 8 95 
749 19 30 29 78 
750 9 41 13 63 
751 38 15 45 98 
752 85 72 97 254 
753 76 47 80 203 
754 46 38 1 85 
755 69 23 40 132 
756 60 25 65 150 
757 36 19 7 62 
758 95 33 28 156 
759 47 48 61 156 
760 95 84 42 221 
761 64 34 79 177 
762 37 30 75 142 
763 63 70 81 214 
764 22 71 58 151 
765 61 54 27 142 
766 88 9 97 194 
767 74 59 3 136 
768 2 34 15 51 
769 62 77 7 146 
770 10 17 78 105 
771 15 5 48 68 
772 52 23 57 132 
773 2 20 73 95 
774 89 1 6 96 
775 40 65 10 115 
776 7 67 59 133 
777 32 75 75 182 
778 27 46 42 115 
779 87 40 82 209 
780 36 73 84 193 
781 81 80 11 172 
782 31 5 68 104 
783 93 23 19 135 
784 48 7 30 85 
785 10 83 22 115 
786 58 9 88 155 
787 25 27 14 66 
788 63 12 53 128 
789 65 42 18 125 
790 41 87 58 186 
791 94 42 50 186 
792 96 97 59 252 
793 57 90 81 228 
794 79 1 80 160 
795 53 16 68 137 
796 84 84 78 246 
797 14 72 41 127 
798 65 47 1 113 
799 15 83 34 132 
800 23 97 46 166 
801 42 23 45 110 
802 20 59 82 161 
803 76 14 45 135 
804 55 14 56 125 
805 44 86 57 187 
806 50 36 80 166 
807 22 85 6 113 
808 65 19 84 168 
809 19 35 63 117 
810 17 88 86 191 
811 35 27 84 146 
812 91 70 33 194 
813 29 23 40 92 
814 68 74 7 149 
815 43 11 81 135 
816 79 28 53 160 
817 28 48 90 166 
818 37 62 50 149 
819 7 64 9 80 
820 62 16 88 166 
821 76 40 72 188 
822 77 94 38 209 
823 40 6 74 120 
824 87 40 55 182 
825 34 10 14 58 
826 23 95 40 158 
827 98 22 52 172 
828 61 51 29 141 
829 90 15 12 117 
830 14 64 59 137 
831 47 52 20 119 
832 73 61 49 183 
833 94 76 35 205 
834 63 1 18 82 
835 12 87 53 152 
836 10 31 57 98 
837 55 73 34 162 
838 26 56 79 161 
839 75 88 86 249 
840 72 95 5 172 
841 48 28 17 93 
842 87 76 70 233 
843 89 82 85 256 
844 35 70 97 202 
845 97 95 78 270 
846 34 51 59 144 
847 15 64 5 84 
848 72 96 39 207 
849 40 17 17 74 
850 62 10 95 167 
851 61 48 98 207 
852 18 25 92 135 
853 82 34 67 183 
854 2 73 83 158 
855 18 38 9 65 
856 11 65 40 116 
857 46 26 41 113 
858 37 37 22 96 
859 60 30 12 102 
860 13 27 75 115 
861 71 66 83 220 
862 60 41 84 185 
863 74 8 40 122 
864 85 29 61 175 
865 86 39 52 177 
866 22 60 65 147 
867 17 69 12 98 
868 67 31 61 159 
869 62 74 76 212 
870 92 58 49 199 
871 91 33 42 166 
872 27 18 82 127 
873 97 98 70 265 
874 17 1 77 95 
875 97 47 29 173 
876 10 76 60 146 
877 55 68 14 137 
878 89 62 7 158 
879 92 9 32 133 
880 10 82 19 111 
881 75 5 91 171 
882 72 17 73 162 
883 63 48 98 209 
884 22 12 97 131 
885 55 34 58 147 
886 88 7 4 99 
887 25 27 5 57 
888 11 41 59 111 
889 76 76 86 238 
890 44 19 70 133 
891 67 27 45 139 
892 75 80 62 217 
893 94 69 68 231 
894 42 57 95 194 
895 53 2 49 104 
896 6 57 89 152 
897 5 17 59 81 
898 30 26 83 139 
899 79 13 56 148 
900 32 23 48 103 
901 76 54 52 182 
902 30 2 62 94 
903 78 59 80 217 
904 83 71 63 217 
905 15 71 31 117 
906 8 15 6 29 
907 23 98 50 171 
908 53 72 27 152 
909 11 45 17 73 
910 56 4 96 156 
911 11 42 10 63 
912 91 90 71 252 
913 12 31 53 96 
914 26 89 41 156 
915 64 55 20 139 
916 56 40 63 159 
917 25 40 5 70 
918 34 23 25 82 
919 86 50 6 142 
920 70 18 6 94 
921 39 74 34 147 
922 72 23 31 126 
923 51 4 52 107 
924 83 89 49 221 
925 15 45 8 68 
926 74 84 5 163 
927 93 95 81 269 
928 81 18 89 188 
929 94 89 33 216 
930 45 44 47 136 
931 75 7 76 158 
932 83 63 54 200 
933 93 19 19 131 
934 20 4 78 102 
935 24 6 97 127 
936 95 46 57 198 
937 32 98 22 152 
938 86 45 88 219 
939 81 96 96 273 
940 30 8 89 127 
941 52 40 66 158 
942 1 40 59 100 
943 84 90 66 240 
944 62 95 8 165 
945 16 55 31 102 
946 58 32 60 150 
947 29 81 71 181 
948 86 76 40 202 
949 84 33 63 180 
950 34 64 75 173 
951 17 24 73 114 
952 1 89 45 135 
953 22 17 91 130 
954 22 64 79 165 
955 80 67 40 187 
956 50 74 56 180 
957 7 7 21 35 
958 72 81 61 214 
959 36 3 43 82 
960 97 14 67 178 
961 36 91 66 193 
962 38 44 45 127 
963 16 79 91 186 
964 45 53 21 119 
965 20 25 60 105 
966 91 2 71 164 
967 65 4 52 121 
968 24 25 21 70 
969 97 98 1 196 
970 25 77 19 121 
971 95 85 84 264 
972 70 70 94 234 
973 39 24 41 104 
974 53 13 57 123 
975 90 27 18 135 
976 32 44 12 88 
977 54 12 59 125 
978 37 32 33 102 
979 31 36 34 101 
980 21 15 1 37 
981 46 52 89 187 
982 76 50 38 164 
983 78 74 59 211 
984 47 54 36 137 
985 15 6 15 36 
986 13 64 39 116 
987 82 62 73 217 
988 70 30 50 150 
989 78 19 60 157 
990 44 29 39 112 
991 57 4 91 152 
992 74 57 12 143 
993 38 9 79 126 
994 66 67 94 227 
995 13 35 45 93 
996 53 2 48 103 
997 56 43 76 175 
998 95 55 60 210 
999 97 4 94 195 
1000 97 77 67 241 
