1 43 27 8 78 
2 91 46 11 148 
3 59 98 91 248 
4 81 14 53 148 
5 15 69 47 131 
6 97 19 51 167 
7 74 94 58 226 
8 77 82 63 222 
9 64 58 80 202 
10 13 36 20 69 
11 76 30 36 142 
12 27 55 68 150 
13 33 52 64 149 
14 45 18 32 95 
15 25 70 93 188 
16 62 75 55 192 
17 61 46 77 184 
18 15 84 7 106 
19 57 93 88 238 
20 8 80 80 168 
21 61 41 60 162 
22 10 82 18 110 
23 35 29 98 162 
24 54 53 89 196 
25 5 82 94 181 
26 85 50 14 149 
27 51 43 67 161 
28 7 26 71 104 
29 3 12 10 25 
30 21 75 98 194 
31 43 85 78 206 
32 55 77 66 198 
33 71 13 9 93 
34 8 83 26 117 
35 53 88 61 202 
36 17 45 53 115 
37 3 79 34 116 
38 53 28 16 97 
39 59 54 8 121 
40 94 72 1 167 
41 57 61 67 185 
42 97 39 72 208 
43 15 49 27 91 
44 95 65 89 249 
45 37 72 63 172 
46 49 53 14 116 
47 28 27 96 151 
48 18 46 21 85 
49 2 80 19 101 
50 95 69 39 203 
51 4 38 10 52 
52 41 39 71 151 
53 48 47 82 177 
54 87 11 34 132 
55 86 9 79 174 
56 88 44 49 181 
57 76 36 1 113 
58 44 85 24 153 
59 79 85 14 178 
60 85 54 26 165 
61 59 19 37 115 
62 38 9 96 143 
63 82 33 72 187 
64 29 70 19 118 
65 73 79 42 194 
66 40 62 59 161 
67 21 97 89 207 
68 78 1 45 124 
69 39 57 95 191 
70 98 83 28 209 
71 53 89 24 166 
72 82 38 61 181 
73 22 24 25 71 
74 2 96 86 184 
75 66 42 20 128 
76 58 80 10 148 
77 35 64 19 118 
78 4 90 60 154 
79 70 23 86 179 
80 23 35 83 141 
81 26 37 3 66 
82 5 47 62 114 
83 8 52 93 153 
84 69 15 85 169 
85 30 22 57 109 
86 14 58 73 145 
87 85 58 72 215 
88 74 26 33 133 
89 61 98 44 203 
90 68 22 95 185 
91 45 20 55 120 
92 70 30 38 138 
93 87 77 70 234 
94 3 40 83 126 
95 91 37 96 224 
96 76 46 82 204 
97 56 27 29 112 
98 63 58 95 216 
99 40 91 11 142 
100 4 96 25 125 
101 84 55 15 154 
102 80 33 23 136 
103 35 13 88 136 
104 14 58 92 164 
105 19 49 10 78 
106 18 83 86 187 
107 13 98 12 123 
108 73 2 17 92 
109 38 87 49 174 
110 48 95 17 160 
111 91 38 5 134 
112 54 17 23 94 
113 10 7 91 108 
114 21 23 17 61 
115 33 23 56 112 
116 37 52 53 142 
117 9 32 74 115 
118 50 72 66 188 
119 52 63 83 198 
120 51 42 43 136 
121 94 17 98 209 
122 79 68 67 214 
123 14 36 39 89 
124 73 25 5 103 
125 54 25 74 153 
126 51 52 57 160 
127 78 15 31 124 
128 61 56 53 170 
129 73 37 68 178 
130 37 4 91 132 
131 11 59 92 162 
132 22 63 95 180 
133 28 67 89 184 
134 79 79 74 232 
135 91 11 48 150 
136 77 46 32 155 
137 22 72 86 180 
138 30 84 52 166 
139 13 11 8 32 
140 34 9 45 88 
141 2 51 22 75 
142 89 19 5 113 
143 23 10 47 80 
144 57 97 61 215 
145 21 5 70 96 
146 60 56 83 199 
147 25 2 68 95 
148 27 52 77 156 
149 63 58 63 184 
150 6 60 93 159 
151 74 36 48 158 
152 75 51 31 157 
153 20 77 3 100 
154 24 61 93 178 
155 60 6 58 124 
156 15 82 42 139 
157 10 58 11 79 
158 10 96 66 172 
159 54 97 15 166 
160 71 3 65 139 
161 94 53 52 199 
162 82 85 51 218 
163 19 8 53 80 
164 16 80 9 105 
165 20 97 26 143 
166 92 2 89 183 
167 24 4 68 96 
168 30 76 92 198 
169 39 8 55 102 
170 97 36 45 178 
171 90 60 73 223 
172 51 31 57 139 
173 91 8 35 134 
174 21 40 22 83 
175 61 77 39 177 
176 27 50 35 112 
177 45 96 41 182 
178 93 45 25 163 
179 65 2 8 75 
180 20 28 74 122 
181 44 20 30 94 
182 55 52 12 119 
183 30 88 66 184 
184 89 31 46 166 
185 52 11 54 117 
186 95 68 35 198 
187 51 9 41 101 
188 2 55 63 120 
189 34 6 81 121 
190 74 10 6 90 
191 1 73 56 130 
192 26 66 71 163 
193 29 74 70 173 
194 43 38 47 128 
195 39 51 66 156 
196 75 9 75 159 
197 33 32 78 143 
198 59 21 69 149 
199 65 66 31 162 
200 1 52 40 93 
201 3 57 81 141 
202 69 97 7 173 
203 23 64 34 121 
204 95 75 7 177 
205 53 15 12 80 
206 1 25 98 124 
207 49 80 1 130 
208 74 63 57 194 
209 16 97 63 176 
210 30 67 43 140 
211 79 66 61 206 
212 33 69 37 139 
213 9 41 36 86 
214 45 40 37 122 
215 85 98 94 277 
216 86 57 25 168 
217 16 53 92 161 
218 85 33 54 172 
219 74 33 94 201 
220 17 50 5 72 
221 25 56 38 119 
222 19 78 14 111 
223 34 95 43 172 
224 2 5 63 70 
225 80 75 55 210 
226 55 1 38 94 
227 59 39 54 152 
228 51 16 82 149 
229 32 10 56 98 
230 11 23 11 45 
231 22 65 81 168 
232 11 60 87 158 
233 7 53 18 78 
234 74 17 87 178 
235 59 50 97 206 
236 82 85 60 227 
237 66 58 10 134 
238 57 9 4 70 
239 40 4 30 74 
240 3 98 55 156 
241 49 96 12 157 
242 95 47 38 180 
243 79 14 26 119 
244 34 47 75 156 
245 63 9 46 118 
246 51 98 88 237 
247 6 61 56 123 
248 57 88 70 215 
249 95 89 79 263 
250 52 23 2 77 
251 40 92 71 203 
252 13 81 50 144 
253 85 60 9 154 
254 53 97 35 185 
255 32 90 17 139 
256 40 8 65 113 
257 80 9 5 94 
258 63 2 39 104 
259 56 90 45 191 
260 81 5 74 160 
261 19 94 36 149 
262 60 69 17 146 
263 93 54 71 218 
264 60 36 12 108 
265 68 27 75 170 
266 8 35 28 71 
267 53 18 73 144 
268 25 8 37 70 
269 92 91 25 208 
270 7 33 59 99 
271 59 43 94 196 
272 4 32 96 132 
273 17 53 24 94 
274 27 50 52 129 
275 29 72 66 167 
276 95 2 77 174 
277 84 86 22 192 
278 16 14 75 105 
279 26 22 31 79 
280 64 54 73 191 
281 71 11 91 173 
282 7 7 58 72 
283 26 88 13 127 
284 10 49 23 82 
285 16 72 83 171 
286 14 74 79 167 
287 32 1 5 38 
288 92 2 75 169 
289 38 74 24 136 
290 60 24 61 145 
291 88 71 20 179 
292 8 6 26 40 
293 61 22 1 84 
294 63 2 30 95 
295 16 58 10 84 
296 37 40 15 92 
297 59 11 36 106 
298 29 35 17 81 
299 11 92 46 149 
300 32 78 33 143 
301 30 94 33 157 
302 63 87 18 168 
303 9 94 26 129 
304 84 23 97 204 
305 83 69 1 153 
306 9 60 74 143 
307 42 9 51 102 
308 93 84 70 247 
309 98 1 16 115 
310 20 27 60 107 
311 12 24 60 96 
312 25 25 58 108 
313 84 74 13 171 
314 32 91 65 188 
315 1 76 92 169 
316 8 25 12 45 
317 15 55 13 83 
318 36 64 94 194 
319 55 21 85 161 
320 79 24 31 134 
321 75 67 22 164 
322 10 28 56 94 
323 39 71 62 172 
324 18 5 63 86 
325 32 77 75 184 
326 11 68 75 154 
327 43 51 7 101 
328 20 93 91 204 
329 43 2 3 48 
330 64 43 83 190 
331 2 87 12 101 
332 43 27 47 117 
333 85 55 55 195 
334 93 95 30 218 
335 30 63 57 150 
336 31 86 65 182 
337 18 91 14 123 
338 56 37 17 110 
339 22 63 63 148 
340 23 89 16 128 
341 49 39 86 174 
342 9 92 67 168 
343 3 87 91 181 
344 26 48 43 117 
345 78 44 46 168 
346 20 90 41 151 
347 5 81 24 110 
348 61 33 32 126 
349 52 77 32 161 
350 52 79 69 200 
351 32 47 84 163 
352 60 4 66 130 
353 26 26 43 95 
354 7 73 55 135 
355 45 17 31 93 
356 64 98 73 235 
357 51 31 80 162 
358 92 72 97 261 
359 41 7 50 98 
360 66 21 86 173 
361 33 83 4 120 
362 98 53 88 239 
363 64 94 15 173 
364 28 37 38 103 
365 77 67 38 182 
366 29 62 29 120 
367 35 90 20 145 
368 14 22 96 132 
369 24 97 72 193 
370 63 42 65 170 
371 65 15 3 83 
372 57 33 71 161 
373 76 93 1 170 
374 84 87 67 238 
375 67 88 73 228 
376 80 17 72 169 
377 80 93 23 196 
378 15 20 67 102 
379 11 49 84 144 
380 87 67 48 202 
381 29 97 54 180 
382 33 38 61 132 
383 24 68 10 102 
384 78 32 61 171 
385 55 1 69 125 
386 68 24 42 134 
387 2 4 90 96 
388 83 2 44 129 
389 82 69 42 193 
390 80 49 92 221 
391 4 64 82 150 
392 55 1 5 61 
393 14 62 86 162 
394 65 57 45 167 
395 88 58 36 182 
396 60 84 60 204 
397 34 58 31 123 
398 87 35 95 217 
399 88 74 47 209 
400 32 97 5 134 
401 85 71 87 243 
402 60 17 24 101 
403 70 30 37 137 
404 48 91 18 157 
405 23 21 46 90 
406 93 19 87 199 
407 10 86 92 188 
408 88 77 13 178 
409 15 82 88 185 
410 37 69 8 114 
411 33 81 28 142 
412 63 93 12 168 
413 25 48 90 163 
414 32 95 1 128 
415 97 78 22 197 
416 20 71 83 174 
417 18 15 20 53 
418 94 6 36 136 
419 46 62 77 185 
420 33 14 26 73 
421 56 3 9 68 
422 88 90 82 260 
423 72 57 68 197 
424 93 32 66 191 
425 18 16 39 73 
426 70 58 41 169 
427 67 90 78 235 
428 56 34 69 159 
429 66 63 29 158 
430 15 58 95 168 
431 3 55 8 66 
432 14 47 97 158 
433 23 90 88 201 
434 84 60 19 163 
435 16 1 56 73 
436 58 26 28 112 
437 58 58 57 173 
438 12 64 28 104 
439 58 34 90 182 
440 6 12 45 63 
441 74 21 91 186 
442 2 57 36 95 
443 21 55 57 133 
444 22 13 31 66 
445 13 26 31 70 
446 32 23 29 84 
447 48 78 5 131 
448 85 2 34 121 
449 42 30 45 117 
450 28 65 33 126 
451 17 53 83 153 
452 78 37 82 197 
453 58 36 34 128 
454 76 9 19 104 
455 2 54 39 95 
456 33 11 51 95 
457 36 8 32 76 
458 50 56 10 116 
459 24 33 3 60 
460 63 25 87 175 
461 20 73 88 181 
462 19 19 2 40 
463 25 69 36 130 
464 10 10 90 110 
465 58 22 37 117 
466 1 53 95 149 
467 58 96 26 180 
468 25 90 36 151 
469 92 71 48 211 
470 82 83 80 245 
471 59 69 13 141 
472 59 85 31 175 
473 48 26 15 89 
474 3 2 28 33 
475 53 80 19 152 
476 26 20 54 100 
477 57 89 97 243 
478 6 52 32 90 
479 30 58 31 119 
480 21 45 88 154 
481 18 65 90 173 
482 84 81 64 229 
483 22 52 23 97 
484 47 95 7 149 
485 88 12 29 129 
486 85 24 78 187 
487 38 67 64 169 
488 89 85 9 183 
489 69 92 41 202 
490 23 74 90 187 
491 52 51 86 189 
492 82 5 43 130 
493 95 57 44 196 
494 90 69 89 248 
495 71 44 96 211 
496 32 74 38 144 
497 1 58 65 124 
498 72 19 74 165 
499 43 48 80 171 
500 36 12 28 76 
501 36 48 73 157 
502 11 48 3 62 
503 60 8 15 83 
504 48 98 27 173 
505 44 77 24 145 
506 10 25 56 91 
507 93 68 57 218 
508 44 64 39 147 
509 61 45 19 125 
510 62 19 78 159 
511 89 13 10 112 
512 50 70 22 142 
513 76 57 92 225 
514 38 44 52 134 
515 67 50 39 156 
516 57 82 51 190 
517 51 6 19 76 
518 63 1 34 98 
519 45 60 14 119 
520 58 21 65 144 
521 68 51 75 194 
522 10 48 16 74 
523 92 83 64 239 
524 31 63 75 169 
525 86 2 54 142 
526 77 78 13 168 
527 44 92 18 154 
528 34 74 80 188 
529 3 6 78 87 
530 41 17 32 90 
531 24 45 76 145 
532 43 31 8 82 
533 44 62 8 114 
534 77 73 90 240 
535 76 22 97 195 
536 60 56 41 157 
537 5 73 26 104 
538 64 41 43 148 
539 61 50 94 205 
540 10 71 83 164 
541 11 8 28 47 
542 77 74 21 172 
543 57 69 75 201 
544 95 85 70 250 
545 55 46 94 195 
546 9 66 51 126 
547 31 91 62 184 
548 72 54 42 168 
549 23 66 13 102 
550 18 21 21 60 
551 31 93 19 143 
552 20 8 30 58 
553 17 7 65 89 
554 43 64 79 186 
555 28 39 72 139 
556 26 11 80 117 
557 33 91 74 198 
558 86 3 79 168 
559 49 51 88 188 
560 12 36 23 71 
561 78 47 1 126 
562 35 10 22 67 
563 40 13 71 124 
564 30 43 33 106 
565 61 26 49 136 
566 47 13 75 135 
567 20 55 47 122 
568 58 71 55 184 
569 4 81 34 119 
570 42 58 93 193 
571 71 32 3 106 
572 98 2 67 167 
573 52 78 92 222 
574 54 71 23 148 
575 22 17 41 80 
576 74 57 27 158 
577 82 74 40 196 
578 79 52 41 172 
579 18 52 96 166 
580 68 91 42 201 
581 72 34 34 140 
582 61 16 59 136 
583 7 30 64 101 
584 79 97 81 257 
585 68 98 28 194 
586 59 64 33 156 
587 41 47 50 138 
588 51 2 11 64 
589 48 57 2 107 
590 37 37 16 90 
591 48 38 89 175 
592 61 17 78 156 
593 86 52 62 200 
594 54 7 13 74 
595 41 64 19 124 
596 67 30 44 141 
597 3 19 40 62 
598 28 18 50 96 
599 1 51 19 71 
600 84 7 32 123 
601 17 26 13 56 
602 47 61 16 124 
603 29 2 47 78 
604 65 72 78 215 
605 69 24 14 107 
606 32 33 40 105 
607 8 82 57 147 
608 98 67 7 172 
609 89 48 27 164 
610 38 93 57 188 
611 2 16 85 103 
612 94 13 7 114 
613 74 44 35 153 
614 73 96 12 181 
615 15 94 94 203 
616 68 44 57 169 
617 5 78 44 127 
618 59 66 74 199 
619 74 92 48 214 
620 71 51 72 194 
621 2 66 93 161 
622 95 25 30 150 
623 95 96 2 193 
624 80 97 56 233 
625 54 48 53 155 
626 43 18 82 143 
627 35 73 92 200 
628 22 6 49 77 
629 48 76 1 125 
630 38 9 61 108 
631 14 3 21 38 
632 96 6 94 196 
633 7 97 94 198 
634 33 28 79 140 
635 3 64 65 132 
636 18 29 90 137 
637 75 74 4 153 
638 24 48 8 80 
639 54 46 91 191 
640 25 12 76 113 
641 60 50 58 168 
642 95 67 48 210 
643 51 29 80 160 
644 46 57 46 149 
645 35 61 37 133 
646 14 34 1 49 
647 43 88 64 195 
648 81 28 50 159 
649 13 15 28 56 
650 6 24 81 111 
651 35 4 26 65 
652 35 73 37 145 
653 61 42 57 160 
654 98 17 46 161 
655 39 57 68 164 
656 19 97 75 191 
657 76 81 57 214 
658 61 13 98 172 
659 56 38 9 103 
660 9 54 96 159 
661 75 39 7 121 
662 93 3 37 133 
663 16 31 5 52 
664 29 67 44 140 
665 80 66 61 207 
666 51 75 60 186 
667 25 91 4 120 
668 93 74 6 173 
669 67 87 10 164 
670 88 68 79 235 
671 3 68 41 112 
672 46 48 55 149 
673 4 8 1 13 
674 28 92 57 177 
675 27 69 75 171 
676 79 12 79 170 
677 25 35 28 88 
678 30 5 98 133 
679 3 59 74 136 
680 53 86 6 145 
681 59 15 97 171 
682 66 46 64 176 
683 37 66 58 161 
684 12 16 77 105 
685 31 40 66 137 
686 50 45 11 106 
687 31 7 40 78 
688 27 3 83 113 
689 68 25 65 158 
690 62 91 46 199 
691 17 97 91 205 
692 48 88 82 218 
693 54 57 79 190 
694 44 28 15 87 
695 13 80 83 176 
696 65 35 39 139 
697 43 40 71 154 
698 19 96 78 193 
699 37 69 85 191 
700 9 69 33 111 
701 89 21 70 180 
702 90 12 58 160 
703 52 5 45 102 
704 3 67 75 145 
705 65 96 2 163 
706 39 84 34 157 
707 55 62 55 172 
708 35 17 6 58 
709 74 25 23 122 
710 89 79 16 184 
711 2 90 38 130 
712 50 46 39 135 
713 8 27 54 89 
714 10 58 91 159 
715 75 89 56 220 
716 37 33 38 108 
717 93 45 13 151 
718 90 8 67 165 
719 95 50 62 207 
720 61 81 2 144 
721 73 15 43 131 
722 64 47 3 114 
723 75 98 42 215 
724 65 52 18 135 
725 34 38 28 100 
726 16 87 27 130 
727 97 49 82 228 
728 52 90 83 225 
729 22 80 87 189 
730 87 63 45 195 
731 86 27 58 171 
732 24 14 64 102 
733 47 15 29 91 
734 42 78 64 184 
735 95 49 87 231 
736 50 63 90 203 
737 2 17 91 110 
738 42 96 36 174 
739 92 67 24 183 
740 49 92 32 173 
741 58 70 74 202 
742 56 69 78 203 
743 64 3 58 125 
744 53 11 45 109 
745 58 2 21 81 
746 20 23 11 54 
747 97 15 72 184 
748 44 3 37 84 
749 10 30 44 84 
750 79 81 22 182 
751 45 21 72 138 
752 48 44 54 146 
753 54 10 26 90 
754 96 8 83 187 
755 23 95 13 131 
756 83 70 45 198 
757 63 35 96 194 
758 16 51 18 85 
759 36 70 21 127 
760 20 81 69 170 
761 71 79 4 154 
762 88 55 57 200 
763 30 12 22 64 
764 98 20 91 209 
765 84 73 95 252 
766 90 47 63 200 
767 38 71 73 182 
768 4 44 83 131 
769 69 31 14 114 
770 49 88 77 214 
771 37 50 30 117 
772 85 3 58 146 
773 22 78 16 116 
774 79 80 21 180 
775 44 63 51 158 
776 28 55 11 94 
777 13 88 66 167 
778 32 39 42 113 
779 85 52 86 223 
780 29 66 76 171 
781 2 67 57 126 
782 8 64 68 140 
783 48 31 53 132 
784 59 6 90 155 
785 15 41 4 60 
786 30 24 21 75 
787 6 15 81 102 
788 18 18 41 77 
789 60 13 13 86 
790 16 35 26 77 
791 37 26 28 91 
792 58 89 89 236 
793 43 35 93 171 
794 70 97 15 182 
795 14 95 65 174 
796 63 53 38 154 
797 3 34 22 59 
798 49 86 80 215 
799 57 49 95 201 
800 1 15 89 105 
801 39 86 4 129 
802 85 81 3 169 
803 45 36 5 86 
804 22 13 28 63 
805 2 91 58 151 
806 92 57 48 197 
807 80 95 97 272 
808 67 90 64 221 
809 61 54 69 184 
810 44 89 54 187 
811 1 79 91 171 
812 88 76 3 167 
813 93 28 74 195 
814 41 93 68 202 
815 87 45 7 139 
816 77 44 63 184 
817 70 95 33 198 
818 9 95 96 200 
819 74 60 26 160 
820 65 19 46 130 
821 79 14 76 169 
822 63 25 73 161 
823 46 40 39 125 
824 98 12 70 180 
825 96 12 34 142 
826 30 60 56 146 
827 61 37 47 145 
828 18 17 35 70 
829 83 71 91 245 
830 49 92 26 167 
831 65 69 44 178 
832 75 89 98 262 
833 73 16 95 184 
834 54 20 58 132 
835 50 28 42 120 
836 69 19 83 171 
837 79 74 28 181 
838 96 78 32 206 
839 19 93 80 192 
840 4 26 29 59 
841 80 44 97 221 
842 87 67 27 181 
843 11 5 8 24 
844 8 56 51 115 
845 17 22 75 114 
846 42 78 41 161 
847 74 85 9 168 
848 66 81 87 234 
849 15 97 48 160 
850 10 62 75 147 
851 70 81 55 206 
852 53 36 44 133 
853 23 78 17 118 
854 80 64 97 241 
855 86 68 21 175 
856 70 34 27 131 
857 96 76 33 205 
858 31 53 51 135 
859 80 56 60 196 
860 50 5 19 74 
861 21 73 20 114 
862 38 53 4 95 
863 16 93 32 141 
864 42 7 66 115 
865 97 54 57 208 
866 93 29 23 145 
867 67 79 12 158 
868 8 70 79 157 
869 17 18 90 125 
870 5 38 98 141 
871 24 22 97 143 
872 33 95 43 171 
873 40 20 2 62 
874 8 39 26 73 
875 86 57 58 201 
876 47 59 28 134 
877 2 75 68 145 
878 56 27 2 85 
879 36 8 69 113 
880 93 16 57 166 
881 59 6 47 112 
882 62 43 63 168 
883 28 18 72 118 
884 85 83 19 187 
885 45 74 87 206 
886 65 28 47 140 
887 1 90 66 157 
888 70 25 41 136 
889 6 21 21 48 
890 11 13 56 80 
891 72 97 9 178 
892 21 8 22 51 
893 4 89 56 149 
894 43 63 96 202 
895 46 35 94 175 
896 60 37 87 184 
897 62 11 76 149 
898 40 31 39 110 
899 25 72 63 160 
900 14 35 9 58 
901 6 95 71 172 
902 9 80 74 163 
903 68 88 8 164 
904 73 89 57 219 
905 67 26 22 115 
906 97 36 75 208 
907 39 3 39 81 
908 84 81 63 228 
909 19 95 6 120 
910 98 57 45 200 
911 92 56 91 239 
912 51 42 64 157 
913 41 43 35 119 
914 52 84 70 206 
915 26 71 72 169 
916 72 84 57 213 
917 80 3 76 159 
918 29 72 35 136 
919 29 13 21 63 
920 69 51 91 211 
921 53 65 16 134 
922 77 67 44 188 
923 53 55 82 190 
924 49 69 89 207 
925 96 25 64 185 
926 76 67 70 213 
927 82 9 19 110 
928 54 70 91 215 
929 38 58 43 139 
930 83 60 35 178 
931 66 67 8 141 
932 43 76 14 133 
933 43 90 82 215 
934 30 65 38 133 
935 19 77 80 176 
936 75 87 63 225 
937 28 87 34 149 
938 75 71 32 178 
939 69 63 85 217 
940 40 55 88 183 
941 61 81 21 163 
942 33 43 51 127 
943 98 48 65 211 
944 11 85 83 179 
945 52 24 58 134 
946 49 39 77 165 
947 92 22 36 150 
948 32 23 28 83 
949 70 41 19 130 
950 37 59 63 159 
951 69 64 64 197 
952 94 12 62 168 
953 39 77 52 168 
954 91 8 66 165 
955 63 44 8 115 
956 50 30 76 156 
957 82 90 39 211 
958 71 43 38 152 
959 41 37 53 131 
960 79 58 57 194 
961 30 21 43 94 
962 39 3 12 54 
963 3 21 43 67 
964 6 98 8 112 
965 88 83 12 183 
966 52 96 6 154 
967 36 53 40 129 
968 1 84 74 159 
969 67 90 8 165 
970 23 56 91 170 
971 70 53 96 219 
972 51 21 43 115 
973 19 79 65 163 
974 39 59 22 120 
975 78 21 84 183 
976 2 7 70 79 
977 36 17 42 95 
978 57 57 91 205 
979 49 49 96 194 
980 29 89 48 166 
981 34 55 35 124 
982 42 35 27 104 
983 17 46 74 137 
984 76 24 52 152 
985 88 19 5 112 
986 97 38 4 139 
987 68 85 31 184 
988 41 51 20 112 
989 56 92 26 174 
990 59 89 31 179 
991 62 60 89 211 
992 9 26 94 129 
993 48 29 29 106 
994 12 18 94 124 
995 27 86 35 148 
996 56 42 60 158 
997 82 96 52 230 
998 91 11 59 161 
999 95 27 75 197 
1000 64 31 13 108 
1001 72 76 77 225 
1002 3 37 85 125 
1003 44 9 60 113 
1004 36 93 85 214 
1005 45 47 22 114 
1006 52 49 13 114 
1007 35 70 26 131 
1008 72 18 23 113 
1009 64 41 80 185 
1010 94 7 67 168 
1011 77 74 56 207 
1012 67 79 85 231 
1013 43 56 5 104 
1014 90 5 82 177 
1015 60 7 1 68 
1016 92 48 19 159 
1017 11 87 94 192 
1018 55 17 54 126 
1019 73 68 42 183 
1020 43 76 26 145 
1021 30 72 40 142 
1022 31 20 31 82 
1023 25 46 47 118 
1024 95 98 52 245 
1025 17 90 2 109 
1026 94 94 87 275 
1027 98 69 92 259 
1028 36 61 19 116 
1029 89 8 74 171 
1030 31 3 36 70 
1031 49 83 85 217 
1032 68 22 2 92 
1033 87 19 53 159 
1034 40 52 6 98 
1035 18 17 83 118 
1036 32 88 83 203 
1037 8 71 87 166 
1038 71 23 58 152 
1039 61 24 25 110 
1040 63 25 31 119 
1041 1 69 7 77 
1042 5 17 50 72 
1043 65 54 4 123 
1044 10 94 57 161 
1045 52 8 83 143 
1046 68 18 34 120 
1047 43 35 5 83 
1048 76 84 52 212 
1049 97 27 62 186 
1050 20 11 17 48 
1051 77 48 6 131 
1052 89 20 35 144 
1053 58 19 81 158 
1054 2 82 49 133 
1055 24 80 37 141 
1056 40 40 36 116 
1057 39 71 60 170 
1058 67 86 38 191 
1059 57 68 27 152 
1060 2 93 78 173 
1061 61 96 86 243 
1062 73 7 5 85 
1063 77 36 30 143 
1064 71 29 36 136 
1065 3 32 57 92 
1066 77 77 79 233 
1067 95 15 55 165 
1068 44 51 95 190 
1069 67 81 78 226 
1070 20 88 23 131 
1071 69 81 7 157 
1072 50 21 44 115 
1073 82 69 56 207 
1074 38 93 12 143 
1075 74 41 74 189 
1076 35 49 1 85 
1077 53 89 44 186 
1078 91 63 11 165 
1079 1 89 44 134 
1080 91 24 68 183 
1081 11 27 96 134 
1082 94 15 49 158 
1083 93 21 96 210 
1084 8 93 15 116 
1085 54 12 7 73 
1086 17 71 7 95 
1087 25 96 97 218 
1088 6 70 77 153 
1089 93 78 46 217 
1090 37 77 37 151 
1091 35 72 47 154 
1092 69 77 36 182 
1093 63 8 1 72 
1094 1 33 91 125 
1095 89 49 4 142 
1096 78 38 26 142 
1097 16 98 62 176 
1098 46 63 60 169 
1099 87 54 57 198 
1100 43 71 90 204 
1101 26 64 67 157 
1102 42 61 56 159 
1103 44 25 49 118 
1104 86 97 59 242 
1105 61 49 36 146 
1106 98 54 37 189 
1107 21 62 74 157 
1108 17 2 40 59 
1109 37 82 89 208 
1110 98 72 86 256 
1111 50 31 12 93 
1112 61 62 20 143 
1113 71 60 33 164 
1114 78 19 12 109 
1115 59 2 59 120 
1116 51 69 64 184 
1117 54 42 34 130 
1118 52 88 17 157 
1119 81 20 17 118 
1120 95 21 61 177 
1121 81 55 82 218 
1122 17 65 69 151 
1123 83 90 71 244 
1124 64 15 45 124 
1125 74 4 26 104 
1126 48 39 40 127 
1127 78 78 45 201 
1128 59 86 34 179 
1129 29 2 48 79 
1130 96 32 52 180 
1131 53 57 14 124 
1132 6 19 89 114 
1133 47 90 29 166 
1134 17 16 16 49 
1135 81 28 26 135 
1136 77 88 38 203 
1137 90 80 33 203 
1138 62 97 48 207 
1139 73 86 78 237 
1140 2 28 50 80 
1141 58 80 38 176 
1142 10 35 67 112 
1143 53 75 93 221 
1144 63 70 81 214 
1145 97 70 66 233 
1146 35 48 40 123 
1147 84 98 66 248 
1148 67 41 76 184 
1149 15 1 76 92 
1150 51 41 52 144 
1151 64 12 55 131 
1152 7 83 88 178 
1153 43 69 47 159 
1154 23 73 63 159 
1155 55 77 49 181 
1156 12 90 43 145 
1157 72 78 91 241 
1158 12 12 55 79 
1159 8 46 60 114 
1160 52 51 3 106 
1161 4 2 8 14 
1162 85 31 46 162 
1163 60 19 20 99 
1164 52 90 96 238 
1165 83 31 24 138 
1166 97 74 36 207 
1167 92 69 51 212 
1168 8 29 31 68 
1169 11 38 30 79 
1170 90 17 20 127 
1171 59 67 51 177 
1172 5 78 40 123 
1173 35 75 33 143 
1174 67 67 22 156 
1175 93 62 58 213 
1176 63 63 52 178 
1177 70 91 35 196 
1178 17 38 56 111 
1179 71 79 37 187 
1180 27 91 52 170 
1181 22 86 30 138 
1182 89 96 96 281 
1183 91 61 63 215 
1184 80 55 86 221 
1185 75 43 73 191 
1186 49 47 69 165 
1187 77 97 65 239 
1188 28 69 28 125 
1189 52 38 27 117 
1190 87 92 33 212 
1191 60 32 74 166 
1192 47 21 9 77 
1193 60 63 14 137 
1194 92 80 10 182 
1195 86 3 58 147 
1196 85 49 95 229 
1197 51 6 23 80 
1198 62 93 18 173 
1199 36 58 72 166 
1200 24 78 45 147 
1201 52 94 56 202 
1202 2 35 19 56 
1203 47 33 32 112 
1204 46 53 60 159 
1205 23 91 59 173 
1206 56 6 57 119 
1207 29 41 7 77 
1208 68 41 66 175 
1209 62 44 13 119 
1210 67 54 54 175 
1211 4 95 3 102 
1212 18 76 56 150 
1213 31 22 2 55 
1214 80 7 43 130 
1215 1 2 45 48 
1216 73 81 70 224 
1217 68 5 94 167 
1218 57 46 22 125 
1219 48 95 61 204 
1220 56 15 93 164 
1221 52 79 45 176 
1222 15 24 1 40 
1223 49 73 52 174 
1224 1 66 46 113 
1225 4 71 46 121 
1226 37 16 86 139 
1227 74 91 83 248 
1228 78 30 91 199 
1229 82 97 48 227 
1230 12 48 62 122 
1231 84 96 75 255 
1232 82 88 35 205 
1233 38 8 31 77 
1234 55 93 55 203 
1235 35 93 15 143 
1236 25 33 33 91 
1237 86 19 41 146 
1238 97 50 93 240 
1239 66 85 46 197 
1240 90 25 10 125 
1241 76 95 41 212 
1242 5 87 21 113 
1243 75 96 85 256 
1244 7 89 76 172 
1245 37 16 8 61 
1246 92 86 41 219 
1247 45 32 35 112 
1248 1 32 72 105 
1249 29 5 4 38 
1250 71 76 83 230 
1251 10 18 57 85 
1252 5 13 72 90 
1253 40 85 93 218 
1254 52 43 2 97 
1255 82 33 47 162 
1256 67 11 37 115 
1257 17 16 76 109 
1258 11 66 49 126 
1259 69 91 26 186 
1260 11 44 45 100 
1261 78 19 78 175 
1262 95 63 47 205 
1263 69 62 5 136 
1264 62 54 61 177 
1265 69 70 1 140 
1266 91 14 79 184 
1267 73 63 36 172 
1268 83 65 53 201 
1269 27 28 56 111 
1270 44 40 39 123 
1271 48 32 60 140 
1272 7 7 27 41 
1273 22 26 17 65 
1274 29 62 91 182 
1275 34 8 30 72 
1276 9 42 41 92 
1277 97 15 81 193 
1278 41 56 50 147 
1279 48 56 8 112 
1280 52 83 96 231 
1281 59 53 7 119 
1282 72 49 8 129 
1283 72 3 1 76 
1284 44 79 48 171 
1285 39 50 57 146 
1286 86 24 53 163 
1287 32 35 58 125 
1288 25 20 6 51 
1289 25 81 91 197 
1290 83 24 21 128 
1291 97 54 79 230 
1292 11 16 58 85 
1293 39 25 56 120 
1294 62 14 8 84 
1295 87 26 32 145 
1296 73 11 84 168 
1297 2 74 98 174 
1298 33 30 16 79 
1299 43 27 2 72 
1300 81 91 59 231 
1301 28 35 77 140 
1302 62 20 61 143 
1303 24 5 54 83 
1304 85 11 12 108 
1305 62 22 64 148 
1306 65 25 58 148 
1307 65 14 81 160 
1308 28 54 44 126 
1309 68 15 74 157 
1310 66 30 48 144 
1311 84 26 37 147 
1312 55 76 39 170 
1313 87 70 90 247 
1314 79 11 10 100 
1315 33 8 85 126 
1316 83 26 3 112 
1317 20 19 40 79 
1318 22 43 19 84 
1319 15 98 31 144 
1320 45 25 5 75 
1321 86 84 31 201 
1322 39 49 71 159 
1323 90 59 62 211 
1324 80 60 82 222 
1325 27 14 67 108 
1326 97 19 17 133 
1327 93 25 21 139 
1328 28 25 49 102 
1329 95 47 6 148 
1330 82 93 70 245 
1331 58 66 8 132 
1332 39 28 97 164 
1333 56 55 81 192 
1334 5 80 22 107 
1335 70 88 50 208 
1336 70 84 87 241 
1337 16 3 95 114 
1338 21 79 10 110 
1339 39 47 37 123 
1340 10 17 64 91 
1341 14 18 21 53 
1342 52 84 40 176 
1343 16 84 54 154 
1344 45 41 70 156 
1345 43 8 25 76 
1346 76 79 66 221 
1347 7 36 8 51 
1348 32 88 72 192 
1349 55 32 83 170 
1350 21 74 54 149 
1351 74 42 21 137 
1352 3 44 35 82 
1353 17 80 71 168 
1354 38 18 19 75 
1355 35 52 9 96 
1356 38 95 57 190 
1357 68 8 23 99 
1358 31 32 40 103 
1359 36 93 46 175 
1360 73 49 53 175 
1361 85 94 97 276 
1362 90 13 98 201 
1363 29 66 95 190 
1364 98 98 72 268 
1365 54 95 30 179 
1366 88 8 4 100 
1367 23 43 93 159 
1368 30 5 61 96 
1369 20 71 36 127 
1370 72 12 69 153 
1371 54 82 55 191 
1372 15 63 96 174 
1373 23 17 92 132 
1374 42 80 8 130 
1375 9 70 17 96 
1376 97 25 81 203 
1377 22 61 57 140 
1378 84 9 47 140 
1379 12 95 4 111 
1380 10 92 54 156 
1381 4 49 52 105 
1382 26 39 61 126 
1383 40 18 51 109 
1384 37 65 60 162 
1385 4 65 78 147 
1386 4 10 4 18 
1387 92 28 52 172 
1388 62 52 13 127 
1389 50 42 94 186 
1390 28 92 34 154 
1391 31 22 83 136 
1392 30 98 6 134 
1393 56 2 62 120 
1394 62 46 33 141 
1395 61 31 25 117 
1396 78 66 37 181 
1397 41 92 27 160 
1398 74 71 76 221 
1399 64 80 13 157 
1400 43 51 42 136 
1401 69 8 63 140 
1402 18 38 50 106 
1403 90 35 9 134 
1404 3 58 60 121 
1405 34 84 28 146 
1406 69 71 14 154 
1407 60 80 26 166 
1408 33 52 13 98 
1409 93 24 60 177 
1410 15 61 16 92 
1411 64 83 16 163 
1412 12 88 66 166 
1413 54 1 66 121 
1414 96 3 86 185 
1415 51 39 31 121 
1416 56 96 35 187 
1417 78 45 34 157 
1418 17 67 14 98 
1419 77 2 55 134 
1420 98 87 50 235 
1421 14 30 61 105 
1422 68 35 94 197 
1423 81 46 82 209 
1424 14 88 40 142 
1425 11 58 56 125 
1426 52 74 90 216 
1427 50 59 85 194 
1428 60 85 62 207 
1429 69 51 63 183 
1430 92 27 74 193 
1431 97 63 18 178 
1432 54 57 4 115 
1433 74 8 61 143 
1434 3 80 97 180 
1435 19 73 53 145 
1436 17 69 88 174 
1437 95 14 19 128 
1438 35 6 33 74 
1439 97 59 60 216 
1440 29 40 72 141 
1441 33 37 35 105 
1442 87 7 27 121 
1443 45 54 96 195 
1444 75 36 63 174 
1445 80 40 30 150 
1446 80 12 11 103 
1447 75 43 88 206 
1448 37 72 44 153 
1449 83 76 28 187 
1450 86 26 18 130 
1451 53 33 48 134 
1452 69 63 57 189 
1453 68 64 16 148 
1454 26 51 90 167 
1455 3 24 16 43 
1456 33 17 8 58 
1457 36 8 65 109 
1458 55 19 71 145 
1459 29 20 75 124 
1460 32 5 71 108 
1461 42 31 3 76 
1462 26 89 43 158 
1463 90 86 28 204 
1464 54 51 77 182 
1465 94 50 95 239 
1466 41 6 97 144 
1467 29 4 57 90 
1468 71 98 89 258 
1469 7 82 13 102 
1470 69 77 63 209 
1471 81 29 37 147 
1472 43 11 21 75 
1473 45 66 47 158 
1474 53 60 33 146 
1475 12 72 36 120 
1476 53 48 38 139 
1477 19 50 4 73 
1478 15 62 19 96 
1479 50 83 68 201 
1480 80 35 94 209 
1481 28 78 88 194 
1482 40 84 53 177 
1483 89 78 96 263 
1484 38 73 93 204 
1485 16 89 95 200 
1486 2 52 90 144 
1487 21 85 52 158 
1488 51 63 70 184 
1489 36 10 6 52 
1490 37 42 25 104 
1491 88 79 61 228 
1492 50 52 81 183 
1493 8 19 30 57 
1494 11 59 79 149 
1495 66 52 53 171 
1496 26 48 18 92 
1497 2 63 84 149 
1498 70 1 32 103 
1499 27 19 70 116 
1500 52 17 74 143 
1501 79 77 5 161 
1502 76 90 92 258 
1503 10 76 63 149 
1504 83 35 72 190 
1505 46 83 73 202 
1506 72 96 81 249 
1507 9 38 45 92 
1508 73 94 25 192 
1509 69 30 58 157 
1510 13 48 56 117 
1511 31 6 66 103 
1512 93 67 63 223 
1513 57 89 93 239 
1514 89 38 79 206 
1515 24 3 23 50 
1516 92 76 57 225 
1517 40 43 95 178 
1518 64 3 82 149 
1519 73 70 30 173 
1520 27 87 50 164 
1521 1 47 18 66 
1522 26 24 96 146 
1523 50 62 60 172 
1524 70 8 23 101 
1525 24 10 37 71 
1526 65 12 97 174 
1527 83 2 33 118 
1528 6 82 13 101 
1529 3 41 27 71 
1530 29 31 13 73 
1531 85 39 11 135 
1532 48 18 37 103 
1533 41 49 39 129 
1534 74 18 47 139 
1535 24 63 70 157 
1536 47 85 51 183 
1537 36 32 87 155 
1538 91 26 74 191 
1539 10 53 70 133 
1540 8 82 47 137 
1541 29 68 4 101 
1542 21 58 50 129 
1543 58 94 17 169 
1544 72 81 73 226 
1545 26 6 82 114 
1546 51 78 74 203 
1547 29 12 81 122 
1548 19 23 11 53 
1549 84 69 80 233 
1550 23 59 8 90 
1551 60 56 9 125 
1552 10 51 80 141 
1553 53 73 19 145 
1554 89 52 30 171 
1555 42 7 1 50 
1556 7 47 34 88 
1557 48 33 40 121 
1558 23 77 67 167 
1559 27 32 43 102 
1560 33 51 75 159 
1561 3 82 97 182 
1562 55 32 58 145 
1563 37 74 62 173 
1564 33 83 52 168 
1565 72 27 97 196 
1566 64 91 43 198 
1567 15 6 20 41 
1568 78 52 12 142 
1569 43 88 86 217 
1570 70 29 7 106 
1571 42 86 64 192 
1572 22 58 7 87 
1573 26 46 64 136 
1574 31 78 35 144 
1575 40 85 35 160 
1576 3 70 45 118 
1577 75 36 74 185 
1578 65 12 92 169 
1579 15 47 26 88 
1580 62 57 19 138 
1581 7 38 59 104 
1582 18 22 1 41 
1583 4 97 26 127 
1584 40 46 32 118 
1585 64 15 10 89 
1586 33 35 83 151 
1587 93 51 61 205 
1588 43 9 35 87 
1589 91 17 49 157 
1590 39 66 56 161 
1591 35 40 74 149 
1592 56 29 9 94 
1593 52 61 34 147 
1594 77 19 50 146 
1595 29 23 27 79 
1596 16 26 29 71 
1597 1 39 52 92 
1598 87 4 22 113 
1599 69 12 82 163 
1600 54 41 98 193 
1601 42 92 78 212 
1602 43 16 53 112 
1603 32 90 17 139 
1604 83 94 42 219 
1605 6 31 79 116 
1606 9 50 66 125 
1607 56 2 26 84 
1608 56 73 50 179 
1609 77 80 39 196 
1610 14 9 32 55 
1611 48 21 59 128 
1612 21 62 93 176 
1613 20 62 92 174 
1614 14 22 91 127 
1615 41 30 76 147 
1616 31 71 77 179 
1617 32 1 79 112 
1618 22 92 58 172 
1619 88 28 48 164 
1620 15 23 45 83 
1621 27 7 17 51 
1622 79 73 79 231 
1623 59 15 47 121 
1624 33 91 90 214 
1625 68 95 84 247 
1626 56 98 35 189 
1627 29 44 85 158 
1628 24 21 89 134 
1629 6 88 93 187 
1630 46 47 73 166 
1631 76 12 93 181 
1632 70 61 56 187 
1633 35 94 19 148 
1634 39 54 53 146 
1635 78 21 88 187 
1636 34 63 3 100 
1637 28 39 63 130 
1638 43 3 14 60 
1639 34 36 87 157 
1640 18 29 38 85 
1641 28 64 83 175 
1642 7 39 45 91 
1643 4 58 32 94 
1644 63 54 6 123 
1645 76 71 49 196 
1646 46 98 8 152 
1647 65 17 15 97 
1648 45 69 14 128 
1649 48 62 41 151 
1650 79 65 97 241 
1651 74 8 58 140 
1652 73 90 67 230 
1653 96 92 50 238 
1654 22 25 53 100 
1655 9 93 67 169 
1656 35 28 19 82 
1657 52 73 45 170 
1658 54 69 46 169 
1659 19 87 34 140 
1660 78 93 22 193 
1661 20 17 11 48 
1662 14 97 49 160 
1663 78 42 98 218 
1664 52 58 78 188 
1665 96 64 93 253 
1666 60 71 57 188 
1667 25 87 53 165 
1668 72 90 18 180 
1669 5 71 20 96 
1670 68 13 17 98 
1671 97 66 50 213 
1672 11 59 81 151 
1673 53 31 13 97 
1674 95 86 69 250 
1675 8 24 42 74 
1676 22 9 85 116 
1677 49 57 70 176 
1678 35 92 27 154 
1679 69 85 79 233 
1680 4 35 40 79 
1681 77 98 7 182 
1682 78 66 23 167 
1683 70 15 88 173 
1684 54 1 12 67 
1685 98 38 31 167 
1686 11 45 98 154 
1687 44 18 49 111 
1688 38 28 49 115 
1689 61 84 96 241 
1690 22 49 89 160 
1691 36 41 48 125 
1692 36 91 92 219 
1693 12 55 91 158 
1694 50 59 67 176 
1695 37 75 68 180 
1696 49 61 51 161 
1697 18 92 89 199 
1698 77 57 73 207 
1699 89 28 94 211 
1700 3 42 26 71 
1701 13 83 83 179 
1702 80 87 86 253 
1703 26 16 50 92 
1704 93 29 57 179 
1705 50 52 31 133 
1706 47 25 55 127 
1707 46 33 23 102 
1708 98 51 94 243 
1709 89 85 42 216 
1710 15 9 14 38 
1711 96 3 42 141 
1712 36 39 7 82 
1713 66 38 3 107 
1714 65 77 87 229 
1715 81 74 2 157 
1716 36 65 94 195 
1717 92 49 57 198 
1718 83 72 16 171 
1719 35 37 24 96 
1720 78 86 50 214 
1721 3 84 93 180 
1722 62 14 12 88 
1723 75 2 79 156 
1724 31 80 52 163 
1725 86 59 41 186 
1726 94 36 33 163 
1727 90 79 91 260 
1728 93 68 55 216 
1729 5 79 1 85 
1730 79 53 8 140 
1731 92 28 69 189 
1732 96 44 52 192 
1733 5 21 48 74 
1734 63 89 10 162 
1735 28 81 16 125 
1736 14 80 82 176 
1737 37 68 21 126 
1738 38 12 81 131 
1739 50 69 7 126 
1740 61 39 44 144 
1741 62 13 56 131 
1742 93 33 64 190 
1743 12 61 41 114 
1744 58 35 52 145 
1745 84 15 74 173 
1746 56 17 83 156 
1747 9 48 62 119 
1748 87 10 64 161 
1749 12 95 28 135 
1750 76 84 1 161 
1751 81 54 48 183 
1752 73 82 93 248 
1753 25 24 31 80 
1754 54 92 52 198 
1755 16 84 85 185 
1756 69 8 22 99 
1757 69 79 61 209 
1758 93 93 46 232 
1759 6 35 85 126 
1760 89 26 31 146 
1761 77 38 58 173 
1762 8 61 98 167 
1763 61 39 43 143 
1764 73 92 61 226 
1765 54 73 41 168 
1766 82 84 15 181 
1767 73 3 98 174 
1768 40 11 44 95 
1769 98 13 61 172 
1770 55 72 97 224 
1771 18 48 46 112 
1772 42 4 78 124 
1773 15 34 59 108 
1774 66 77 71 214 
1775 11 55 61 127 
1776 83 13 47 143 
1777 56 77 18 151 
1778 56 38 30 124 
1779 20 45 82 147 
1780 11 9 48 68 
1781 76 5 10 91 
1782 88 77 28 193 
1783 43 35 32 110 
1784 74 23 84 181 
1785 32 7 38 77 
1786 34 3 98 135 
1787 98 22 25 145 
1788 25 6 13 44 
1789 25 72 79 176 
1790 49 25 62 136 
1791 73 81 23 177 
1792 44 47 25 116 
1793 21 59 3 83 
1794 71 21 98 190 
1795 34 90 36 160 
1796 5 94 45 144 
1797 21 33 63 117 
1798 66 7 68 141 
1799 93 5 61 159 
1800 74 67 28 169 
1801 17 18 40 75 
1802 4 47 57 108 
1803 17 68 69 154 
1804 69 88 22 179 
1805 48 90 38 176 
1806 3 82 85 170 
1807 52 58 73 183 
1808 97 92 64 253 
1809 56 56 39 151 
1810 37 59 77 173 
1811 50 30 69 149 
1812 25 19 40 84 
1813 88 1 6 95 
1814 46 94 61 201 
1815 67 56 69 192 
1816 73 4 27 104 
1817 87 37 30 154 
1818 89 75 87 251 
1819 29 87 20 136 
1820 56 54 28 138 
1821 55 57 22 134 
1822 13 44 66 123 
1823 69 73 8 150 
1824 42 7 72 121 
1825 43 22 67 132 
1826 7 43 52 102 
1827 10 15 9 34 
1828 82 84 68 234 
1829 43 45 24 112 
1830 37 21 82 140 
1831 88 78 5 171 
1832 50 68 21 139 
1833 29 69 95 193 
1834 19 75 79 173 
1835 83 91 36 210 
1836 55 35 94 184 
1837 28 75 72 175 
1838 74 9 35 118 
1839 91 38 66 195 
1840 30 72 5 107 
1841 9 8 43 60 
1842 61 58 84 203 
1843 18 84 41 143 
1844 40 93 76 209 
1845 27 33 2 62 
1846 77 87 38 202 
1847 33 76 94 203 
1848 85 27 63 175 
1849 33 41 73 147 
1850 94 71 40 205 
1851 76 32 48 156 
1852 88 2 12 102 
1853 75 58 3 136 
1854 71 87 18 176 
1855 50 90 36 176 
1856 78 86 89 253 
1857 40 12 78 130 
1858 1 10 96 107 
1859 4 4 27 35 
1860 91 78 43 212 
1861 1 80 58 139 
1862 79 87 86 252 
1863 68 35 88 191 
1864 40 98 88 226 
1865 39 44 8 91 
1866 92 41 10 143 
1867 13 40 81 134 
1868 57 78 20 155 
1869 50 67 78 195 
1870 91 98 19 208 
1871 98 2 88 188 
1872 19 94 11 124 
1873 47 21 40 108 
1874 55 40 63 158 
1875 88 44 77 209 
1876 26 43 6 75 
1877 65 18 4 87 
1878 2 3 66 71 
1879 43 74 4 121 
1880 53 48 96 197 
1881 56 36 42 134 
1882 27 47 31 105 
1883 79 31 25 135 
1884 90 98 76 264 
1885 52 43 20 115 
1886 31 66 70 167 
1887 30 71 47 148 
1888 66 48 6 120 
1889 87 94 18 199 
1890 36 5 75 116 
1891 23 62 26 111 
1892 32 52 91 175 
1893 52 78 55 185 
1894 87 95 59 241 
1895 17 55 9 81 
1896 39 89 27 155 
1897 42 47 49 138 
1898 82 82 94 258 
1899 58 60 63 181 
1900 87 74 11 172 
1901 54 41 40 135 
1902 18 7 11 36 
1903 35 35 47 117 
1904 51 21 64 136 
1905 41 80 31 152 
1906 17 84 82 183 
1907 26 39 38 103 
1908 50 64 57 171 
1909 61 74 76 211 
1910 91 35 48 174 
1911 44 48 46 138 
1912 95 67 96 258 
1913 3 29 4 36 
1914 33 57 23 113 
1915 15 43 10 68 
1916 36 94 77 207 
1917 55 57 36 148 
1918 64 10 56 130 
1919 85 26 70 181 
1920 96 63 66 225 
1921 66 11 96 173 
1922 12 61 92 165 
1923 87 93 54 234 
1924 41 83 11 135 
1925 63 70 71 204 
1926 38 70 29 137 
1927 92 19 15 126 
1928 62 94 74 230 
1929 82 62 90 234 
1930 65 18 26 109 
1931 79 73 78 230 
1932 67 14 41 122 
1933 55 9 27 91 
1934 40 86 91 217 
1935 57 66 46 169 
1936 76 5 98 179 
1937 98 66 50 214 
1938 3 32 40 75 
1939 52 70 37 159 
1940 24 80 33 137 
1941 81 17 35 133 
1942 91 2 54 147 
1943 39 86 26 151 
1944 12 83 10 105 
1945 11 56 52 119 
1946 23 34 50 107 
1947 21 62 88 171 
1948 8 91 78 177 
1949 75 85 56 216 
1950 16 21 58 95 
1951 75 32 92 199 
1952 70 63 36 169 
1953 95 73 46 214 
1954 62 53 21 136 
1955 57 52 38 147 
1956 88 64 7 159 
1957 74 84 53 211 
1958 58 76 65 199 
1959 96 10 51 157 
1960 11 33 19 63 
1961 26 54 66 146 
1962 7 25 87 119 
1963 20 16 57 93 
1964 17 21 6 44 
1965 73 47 32 152 
1966 74 67 83 224 
1967 25 44 85 154 
1968 15 14 63 92 
1969 12 1 4 17 
1970 88 20 59 167 
1971 32 31 9 72 
1972 58 10 9 77 
1973 23 87 74 184 
1974 83 95 73 251 
1975 89 94 12 195 
1976 8 27 15 50 
1977 10 79 36 125 
1978 54 50 6 110 
1979 37 89 94 220 
1980 19 62 16 97 
1981 36 57 23 116 
1982 57 43 50 150 
1983 79 52 85 216 
1984 44 77 45 166 
1985 56 94 93 243 
1986 71 73 68 212 
1987 30 14 13 57 
1988 88 81 8 177 
1989 15 49 42 106 
1990 93 58 16 167 
1991 89 87 76 252 
1992 96 96 89 281 
1993 58 88 12 158 
1994 81 60 53 194 
1995 87 19 83 189 
1996 3 82 55 140 
1997 45 61 28 134 
1998 6 60 45 111 
1999 88 15 80 183 
2000 4 48 86 138 
2001 34 11 83 128 
2002 80 5 77 162 
2003 61 96 77 234 
2004 92 2 10 104 
2005 93 5 50 148 
2006 3 45 97 145 
2007 39 5 82 126 
2008 96 63 23 182 
2009 29 36 62 127 
2010 67 1 84 152 
2011 89 63 53 205 
2012 12 8 53 73 
2013 37 63 95 195 
2014 2 14 16 32 
2015 62 72 95 229 
2016 64 5 16 85 
2017 26 18 76 120 
2018 98 43 17 158 
2019 92 47 31 170 
2020 6 35 59 100 
2021 57 82 69 208 
2022 11 85 4 100 
2023 54 9 97 160 
2024 31 93 35 159 
2025 89 38 67 194 
2026 97 64 18 179 
2027 29 21 41 91 
2028 73 38 62 173 
2029 69 11 96 176 
2030 22 52 87 161 
2031 73 85 75 233 
2032 53 39 41 133 
2033 77 83 84 244 
2034 85 13 18 116 
2035 58 8 67 133 
2036 19 47 75 141 
2037 18 28 33 79 
2038 22 76 9 107 
2039 82 7 66 155 
2040 48 70 48 166 
2041 60 57 86 203 
2042 3 58 9 70 
2043 36 67 85 188 
2044 70 90 6 166 
2045 40 89 19 148 
2046 14 73 56 143 
2047 97 40 96 233 
2048 37 59 80 176 
2049 41 43 31 115 
2050 98 70 6 174 
2051 61 38 75 174 
2052 2 48 31 81 
2053 46 36 44 126 
2054 1 36 23 60 
2055 29 55 49 133 
2056 38 78 60 176 
2057 7 70 10 87 
2058 72 41 9 122 
2059 37 56 32 125 
2060 36 86 76 198 
2061 27 25 72 124 
2062 77 36 69 182 
2063 68 52 34 154 
2064 98 20 64 182 
2065 93 5 72 170 
2066 6 1 53 60 
2067 41 20 58 119 
2068 5 22 39 66 
2069 36 59 54 149 
2070 57 36 92 185 
2071 6 14 90 110 
2072 23 91 3 117 
2073 96 91 8 195 
2074 56 79 73 208 
2075 90 9 6 105 
2076 4 15 51 70 
2077 27 96 79 202 
2078 25 42 10 77 
2079 61 4 55 120 
2080 74 77 76 227 
2081 8 32 43 83 
2082 53 4 72 129 
2083 19 22 42 83 
2084 57 90 8 155 
2085 4 58 57 119 
2086 32 34 55 121 
2087 76 36 34 146 
2088 1 69 7 77 
2089 35 22 80 137 
2090 14 48 18 80 
2091 92 75 24 191 
2092 45 78 40 163 
2093 41 70 49 160 
2094 13 55 64 132 
2095 37 50 78 165 
2096 33 41 70 144 
2097 13 15 79 107 
2098 65 45 94 204 
2099 1 38 55 94 
2100 11 22 14 47 
2101 84 54 17 155 
2102 64 81 13 158 
2103 68 1 49 118 
2104 42 66 16 124 
2105 72 59 82 213 
2106 12 56 23 91 
2107 57 11 25 93 
2108 10 92 27 129 
2109 27 70 97 194 
2110 37 32 15 84 
2111 91 8 46 145 
2112 13 65 87 165 
2113 91 59 11 161 
2114 63 84 52 199 
2115 40 51 24 115 
2116 21 10 70 101 
2117 33 81 17 131 
2118 23 49 6 78 
2119 43 4 88 135 
2120 70 39 48 157 
2121 79 55 17 151 
2122 3 26 68 97 
2123 67 77 42 186 
2124 65 37 6 108 
2125 94 73 95 262 
2126 72 33 54 159 
2127 61 83 26 170 
2128 31 82 49 162 
2129 62 5 74 141 
2130 95 74 71 240 
2131 18 89 65 172 
2132 59 73 87 219 
2133 66 77 16 159 
2134 3 76 8 87 
2135 2 19 51 72 
2136 86 20 58 164 
2137 42 12 90 144 
2138 76 53 55 184 
2139 41 32 25 98 
2140 71 95 25 191 
2141 22 95 42 159 
2142 61 93 25 179 
2143 96 16 4 116 
2144 21 68 29 118 
2145 22 16 16 54 
2146 94 13 66 173 
2147 92 28 7 127 
2148 88 47 59 194 
2149 47 81 38 166 
2150 39 42 93 174 
2151 84 3 54 141 
2152 57 1 76 134 
2153 26 36 91 153 
2154 40 93 43 176 
2155 16 39 12 67 
2156 81 64 32 177 
2157 57 82 65 204 
2158 59 97 88 244 
2159 54 18 19 91 
2160 78 82 87 247 
2161 58 13 12 83 
2162 40 2 10 52 
2163 36 16 81 133 
2164 12 21 23 56 
2165 2 81 55 138 
2166 12 89 47 148 
2167 80 29 25 134 
2168 5 32 78 115 
2169 66 88 57 211 
2170 28 51 34 113 
2171 35 4 39 78 
2172 21 81 69 171 
2173 67 33 39 139 
2174 3 72 23 98 
2175 98 67 12 177 
2176 12 34 15 61 
2177 80 6 62 148 
2178 78 93 24 195 
2179 92 50 21 163 
2180 1 51 3 55 
2181 4 91 23 118 
2182 39 62 78 179 
2183 17 25 34 76 
2184 81 62 95 238 
2185 51 31 64 146 
2186 87 20 82 189 
2187 91 69 92 252 
2188 2 37 30 69 
2189 81 90 68 239 
2190 44 96 62 202 
2191 68 11 70 149 
2192 13 61 22 96 
2193 42 79 7 128 
2194 18 65 32 115 
2195 52 29 35 116 
2196 76 93 58 227 
2197 87 56 23 166 
2198 76 94 26 196 
2199 41 32 32 105 
2200 39 91 36 166 
2201 83 23 82 188 
2202 78 75 56 209 
2203 12 54 55 121 
2204 75 25 51 151 
2205 83 45 97 225 
2206 65 59 55 179 
2207 21 91 52 164 
2208 82 51 8 141 
2209 20 1 5 26 
2210 14 11 40 65 
2211 69 78 60 207 
2212 77 20 82 179 
2213 42 17 9 68 
2214 66 11 17 94 
2215 19 68 84 171 
2216 70 81 1 152 
2217 69 78 45 192 
2218 40 4 82 126 
2219 24 81 95 200 
2220 13 22 83 118 
2221 31 38 54 123 
2222 70 7 25 102 
2223 31 3 77 111 
2224 89 9 47 145 
2225 97 86 92 275 
2226 80 9 11 100 
2227 33 48 2 83 
2228 38 47 6 91 
2229 69 77 14 160 
2230 86 95 22 203 
2231 95 71 43 209 
2232 23 55 90 168 
2233 74 5 66 145 
2234 1 62 89 152 
2235 31 47 55 133 
2236 62 42 41 145 
2237 62 13 83 158 
2238 64 86 70 220 
2239 86 13 43 142 
2240 59 15 63 137 
2241 73 80 8 161 
2242 72 46 31 149 
2243 6 14 7 27 
2244 19 63 5 87 
2245 70 87 23 180 
2246 90 72 72 234 
2247 13 97 29 139 
2248 22 60 19 101 
2249 38 3 59 100 
2250 96 12 18 126 
2251 94 57 72 223 
2252 33 62 95 190 
2253 97 84 85 266 
2254 28 30 20 78 
2255 62 46 35 143 
2256 18 3 89 110 
2257 26 33 71 130 
2258 93 21 95 209 
2259 5 3 84 92 
2260 24 42 12 78 
2261 75 83 23 181 
2262 11 81 28 120 
2263 60 42 47 149 
2264 10 43 59 112 
2265 77 98 80 255 
2266 68 63 90 221 
2267 50 16 50 116 
2268 54 97 24 175 
2269 56 84 88 228 
2270 76 84 53 213 
2271 88 62 58 208 
2272 48 54 79 181 
2273 82 20 31 133 
2274 15 37 4 56 
2275 54 32 86 172 
2276 24 11 89 124 
2277 20 42 52 114 
2278 70 76 21 167 
2279 94 55 74 223 
2280 52 94 24 170 
2281 12 56 26 94 
2282 93 25 70 188 
2283 8 78 35 121 
2284 2 50 44 96 
2285 22 66 52 140 
2286 52 44 29 125 
2287 34 14 59 107 
2288 49 21 64 134 
2289 28 52 40 120 
2290 97 65 29 191 
2291 86 66 31 183 
2292 22 48 66 136 
2293 5 11 16 32 
2294 57 30 7 94 
2295 32 52 79 163 
2296 74 78 55 207 
2297 63 32 96 191 
2298 41 91 17 149 
2299 95 8 8 111 
2300 36 83 64 183 
2301 31 33 21 85 
2302 65 53 97 215 
2303 5 12 51 68 
2304 78 9 53 140 
2305 41 97 10 148 
2306 93 17 78 188 
2307 85 70 2 157 
2308 52 29 64 145 
2309 86 88 76 250 
2310 38 17 44 99 
2311 23 59 88 170 
2312 40 77 70 187 
2313 67 5 36 108 
2314 67 68 47 182 
2315 12 39 95 146 
2316 80 33 75 188 
2317 32 69 19 120 
2318 25 94 75 194 
2319 64 62 86 212 
2320 8 88 5 101 
2321 86 16 8 110 
2322 67 57 76 200 
2323 56 54 1 111 
2324 59 72 36 167 
2325 7 52 51 110 
2326 11 24 78 113 
2327 54 14 97 165 
2328 35 54 60 149 
2329 28 70 80 178 
2330 95 87 84 266 
2331 92 45 54 191 
2332 43 63 27 133 
2333 16 40 78 134 
2334 96 77 22 195 
2335 3 87 92 182 
2336 17 57 84 158 
2337 45 93 64 202 
2338 57 56 50 163 
2339 13 11 50 74 
2340 95 27 1 123 
2341 42 86 57 185 
2342 54 10 5 69 
2343 65 28 71 164 
2344 21 52 72 145 
2345 50 71 68 189 
2346 66 28 30 124 
2347 31 26 21 78 
2348 21 25 79 125 
2349 25 9 25 59 
2350 84 72 79 235 
2351 4 79 56 139 
2352 29 91 54 174 
2353 61 79 66 206 
2354 98 85 31 214 
2355 45 55 8 108 
2356 59 50 8 117 
2357 74 88 87 249 
2358 84 60 70 214 
2359 40 94 65 199 
2360 83 56 41 180 
2361 8 82 15 105 
2362 71 17 21 109 
2363 98 23 77 198 
2364 15 55 47 117 
2365 76 57 11 144 
2366 82 56 46 184 
2367 93 84 36 213 
2368 3 67 98 168 
2369 98 4 96 198 
2370 81 98 70 249 
2371 82 46 28 156 
2372 8 47 50 105 
2373 88 1 96 185 
2374 34 17 74 125 
2375 79 74 3 156 
2376 85 30 32 147 
2377 61 85 11 157 
2378 86 84 80 250 
2379 22 59 49 130 
2380 14 41 93 148 
2381 49 29 58 136 
2382 38 43 92 173 
2383 84 92 97 273 
2384 2 88 24 114 
2385 81 19 85 185 
2386 41 42 47 130 
2387 97 50 89 236 
2388 51 50 35 136 
2389 58 80 37 175 
2390 49 28 24 101 
2391 82 97 97 276 
2392 45 62 27 134 
2393 17 40 70 127 
2394 38 82 37 157 
2395 68 74 8 150 
2396 67 38 75 180 
2397 94 78 71 243 
2398 56 98 96 250 
2399 2 57 85 144 
2400 80 34 1 115 
2401 82 48 37 167 
2402 58 40 39 137 
2403 66 79 74 219 
2404 54 52 84 190 
2405 74 23 43 140 
2406 82 16 10 108 
2407 89 62 77 228 
2408 7 1 87 95 
2409 46 58 68 172 
2410 38 88 12 138 
2411 34 73 15 122 
2412 58 96 21 175 
2413 62 19 96 177 
2414 46 97 30 173 
2415 5 21 47 73 
2416 75 24 96 195 
2417 39 29 88 156 
2418 31 69 24 124 
2419 80 17 14 111 
2420 72 48 40 160 
2421 71 21 30 122 
2422 19 64 6 89 
2423 62 13 68 143 
2424 13 60 48 121 
2425 78 61 53 192 
2426 13 3 62 78 
2427 21 67 25 113 
2428 98 37 96 231 
2429 81 43 30 154 
2430 73 34 4 111 
2431 18 39 81 138 
2432 98 70 5 173 
2433 64 27 37 128 
2434 74 8 48 130 
2435 31 39 8 78 
2436 2 47 36 85 
2437 12 28 87 127 
2438 4 1 12 17 
2439 54 16 93 163 
2440 94 93 1 188 
2441 89 80 20 189 
2442 27 17 33 77 
2443 66 6 64 136 
2444 12 68 80 160 
2445 23 82 20 125 
2446 36 48 15 99 
2447 54 5 37 96 
2448 88 93 61 242 
2449 62 9 25 96 
2450 6 18 78 102 
2451 44 23 45 112 
2452 56 14 46 116 
2453 7 10 34 51 
2454 64 70 41 175 
2455 62 65 40 167 
2456 30 92 54 176 
2457 98 58 7 163 
2458 86 20 98 204 
2459 6 1 17 24 
2460 72 86 35 193 
2461 87 21 38 146 
2462 24 18 28 70 
2463 38 79 29 146 
2464 64 1 37 102 
2465 14 6 96 116 
2466 39 95 23 157 
2467 51 69 28 148 
2468 29 2 96 127 
2469 63 21 57 141 
2470 55 26 79 160 
2471 55 19 63 137 
2472 70 46 80 196 
2473 32 21 13 66 
2474 89 3 36 128 
2475 9 79 22 110 
2476 77 54 14 145 
2477 72 55 65 192 
2478 93 27 18 138 
2479 76 95 45 216 
2480 88 50 41 179 
2481 16 56 37 109 
2482 33 27 5 65 
2483 74 82 30 186 
2484 12 94 53 159 
2485 28 11 93 132 
2486 11 43 85 139 
2487 2 98 47 147 
2488 93 21 92 206 
2489 24 71 67 162 
2490 34 3 19 56 
2491 36 87 30 153 
2492 89 50 50 189 
2493 36 54 63 153 
2494 15 43 82 140 
2495 73 75 5 153 
2496 5 67 32 104 
2497 90 47 81 218 
2498 51 15 50 116 
2499 34 47 92 173 
2500 20 56 62 138 
2501 92 20 56 168 
2502 64 40 32 136 
2503 27 60 56 143 
2504 52 16 72 140 
2505 15 20 73 108 
2506 54 46 66 166 
2507 41 40 29 110 
2508 4 94 2 100 
2509 18 49 96 163 
2510 22 48 87 157 
2511 64 7 11 82 
2512 39 56 63 158 
2513 80 3 58 141 
2514 15 2 49 66 
2515 28 29 13 70 
2516 25 62 73 160 
2517 84 64 46 194 
2518 47 46 42 135 
2519 76 83 62 221 
2520 4 28 40 72 
2521 49 6 38 93 
2522 23 76 93 192 
2523 48 8 68 124 
2524 90 39 81 210 
2525 69 96 52 217 
2526 15 7 86 108 
2527 67 59 73 199 
2528 30 77 50 157 
2529 77 33 51 161 
2530 17 88 22 127 
2531 93 73 6 172 
2532 71 88 97 256 
2533 95 11 41 147 
2534 90 32 47 169 
2535 90 24 5 119 
2536 15 1 38 54 
2537 4 59 63 126 
2538 88 4 19 111 
2539 54 85 55 194 
2540 41 94 33 168 
2541 15 66 60 141 
2542 2 74 96 172 
2543 41 79 90 210 
2544 88 60 38 186 
2545 25 13 12 50 
2546 83 38 3 124 
2547 12 98 40 150 
2548 78 58 17 153 
2549 62 81 65 208 
2550 77 81 72 230 
2551 3 3 54 60 
2552 11 66 52 129 
2553 88 85 41 214 
2554 18 56 64 138 
2555 70 69 10 149 
2556 5 47 74 126 
2557 20 6 65 91 
2558 49 95 17 161 
2559 1 30 87 118 
2560 91 12 27 130 
2561 78 56 73 207 
2562 63 68 35 166 
2563 10 16 34 60 
2564 12 9 84 105 
2565 59 15 70 144 
2566 20 8 36 64 
2567 71 45 35 151 
2568 38 85 64 187 
2569 90 58 13 161 
2570 83 91 48 222 
2571 20 25 82 127 
2572 94 82 19 195 
2573 44 71 73 188 
2574 59 67 88 214 
2575 36 29 39 104 
2576 19 84 52 155 
2577 11 8 46 65 
2578 94 11 59 164 
2579 44 25 88 157 
2580 11 61 76 148 
2581 50 80 20 150 
2582 22 18 66 106 
2583 16 44 39 99 
2584 32 55 26 113 
2585 61 22 8 91 
2586 67 57 79 203 
2587 57 96 21 174 
2588 24 75 18 117 
2589 77 33 27 137 
2590 75 60 58 193 
2591 83 47 20 150 
2592 55 75 52 182 
2593 81 25 57 163 
2594 96 7 47 150 
2595 5 26 47 78 
2596 9 53 87 149 
2597 97 76 29 202 
2598 44 65 68 177 
2599 54 84 53 191 
2600 24 4 2 30 
2601 69 77 80 226 
2602 94 72 32 198 
2603 40 15 36 91 
2604 4 59 14 77 
2605 24 85 31 140 
2606 50 40 90 180 
2607 80 14 76 170 
2608 36 13 92 141 
2609 64 22 62 148 
2610 39 2 2 43 
2611 83 28 9 120 
2612 92 38 46 176 
2613 56 86 41 183 
2614 16 55 55 126 
2615 73 50 71 194 
2616 31 93 5 129 
2617 11 85 2 98 
2618 83 41 59 183 
2619 4 32 50 86 
2620 80 10 85 175 
2621 23 1 21 45 
2622 68 11 25 104 
2623 84 74 79 237 
2624 77 5 30 112 
2625 78 56 69 203 
2626 48 45 85 178 
2627 23 18 75 116 
2628 1 29 36 66 
2629 18 40 72 130 
2630 97 17 46 160 
2631 28 13 89 130 
2632 43 75 11 129 
2633 72 83 46 201 
2634 44 65 79 188 
2635 34 59 10 103 
2636 28 92 73 193 
2637 60 9 64 133 
2638 71 26 42 139 
2639 82 24 11 117 
2640 15 30 19 64 
2641 98 98 4 200 
2642 57 29 2 88 
2643 86 64 36 186 
2644 19 24 88 131 
2645 6 3 62 71 
2646 9 39 44 92 
2647 77 40 30 147 
2648 95 6 17 118 
2649 98 46 15 159 
2650 94 20 5 119 
2651 49 10 17 76 
2652 94 12 50 156 
2653 30 62 30 122 
2654 9 72 33 114 
2655 64 59 84 207 
2656 67 52 86 205 
2657 50 33 56 139 
2658 30 74 39 143 
2659 53 93 80 226 
2660 55 60 32 147 
2661 67 90 21 178 
2662 22 98 36 156 
2663 3 20 42 65 
2664 16 50 37 103 
2665 16 64 1 81 
2666 98 3 8 109 
2667 95 69 19 183 
2668 47 47 18 112 
2669 30 28 81 139 
2670 54 78 84 216 
2671 22 59 52 133 
2672 15 51 30 96 
2673 77 79 46 202 
2674 74 86 13 173 
2675 7 92 66 165 
2676 89 38 39 166 
2677 79 15 98 192 
2678 50 59 23 132 
2679 26 44 90 160 
2680 13 66 41 120 
2681 21 59 85 165 
2682 35 18 32 85 
2683 23 60 40 123 
2684 53 52 62 167 
2685 55 57 76 188 
2686 64 98 91 253 
2687 14 57 37 108 
2688 94 79 25 198 
2689 41 52 95 188 
2690 62 39 98 199 
2691 40 4 50 94 
2692 55 80 39 174 
2693 2 7 2 11 
2694 52 80 29 161 
2695 70 1 70 141 
2696 66 92 83 241 
2697 37 61 4 102 
2698 22 19 30 71 
2699 86 84 57 227 
2700 82 79 26 187 
2701 98 80 64 242 
2702 37 42 14 93 
2703 45 45 25 115 
2704 39 21 11 71 
2705 68 66 39 173 
2706 61 58 14 133 
2707 94 92 63 249 
2708 12 95 4 111 
2709 39 83 87 209 
2710 19 34 30 83 
2711 82 19 46 147 
2712 84 28 50 162 
2713 80 87 1 168 
2714 42 87 73 202 
2715 71 79 65 215 
2716 85 19 6 110 
2717 81 77 90 248 
2718 40 72 90 202 
2719 97 60 22 179 
2720 61 43 21 125 
2721 98 71 2 171 
2722 32 73 2 107 
2723 70 5 60 135 
2724 19 66 44 129 
2725 35 45 19 99 
2726 70 29 60 159 
2727 63 86 26 175 
2728 50 9 56 115 
2729 5 27 10 42 
2730 95 8 2 105 
2731 36 85 83 204 
2732 6 89 31 126 
2733 88 67 91 246 
2734 11 6 78 95 
2735 33 60 82 175 
2736 31 80 43 154 
2737 62 79 76 217 
2738 83 21 62 166 
2739 16 16 12 44 
2740 88 84 11 183 
2741 61 37 4 102 
2742 80 85 26 191 
2743 8 34 53 95 
2744 74 67 53 194 
2745 98 1 22 121 
2746 50 59 54 163 
2747 68 21 68 157 
2748 61 1 26 88 
2749 57 56 84 197 
2750 84 13 3 100 
2751 21 86 58 165 
2752 60 81 3 144 
2753 18 83 52 153 
2754 88 19 58 165 
2755 53 60 78 191 
2756 53 73 35 161 
2757 52 98 42 192 
2758 19 21 34 74 
2759 52 12 93 157 
2760 96 38 49 183 
2761 81 14 97 192 
2762 55 85 48 188 
2763 86 50 6 142 
2764 79 46 20 145 
2765 67 73 32 172 
2766 94 42 39 175 
2767 10 93 11 114 
2768 62 63 21 146 
2769 61 51 16 128 
2770 82 73 40 195 
2771 61 72 85 218 
2772 62 31 88 181 
2773 34 50 15 99 
2774 6 11 79 96 
2775 65 87 26 178 
2776 85 73 51 209 
2777 58 94 23 175 
2778 95 11 40 146 
2779 26 55 11 92 
2780 47 24 40 111 
2781 29 12 1 42 
2782 33 21 87 141 
2783 94 68 19 181 
2784 31 35 77 143 
2785 35 23 35 93 
2786 70 91 23 184 
2787 33 52 59 144 
2788 14 8 5 27 
2789 37 82 35 154 
2790 4 55 35 94 
2791 11 88 96 195 
2792 18 14 66 98 
2793 36 48 15 99 
2794 94 89 70 253 
2795 14 29 59 102 
2796 66 60 33 159 
2797 62 36 90 188 
2798 50 82 57 189 
2799 85 19 52 156 
2800 70 31 40 141 
2801 73 47 91 211 
2802 67 47 80 194 
2803 1 49 88 138 
2804 45 75 5 125 
2805 1 27 48 76 
2806 58 88 55 201 
2807 31 25 71 127 
2808 31 39 31 101 
2809 7 6 24 37 
2810 47 74 27 148 
2811 2 50 50 102 
2812 14 41 6 61 
2813 86 3 14 103 
2814 68 15 64 147 
2815 15 12 44 71 
2816 35 61 55 151 
2817 31 33 54 118 
2818 55 22 25 102 
2819 55 70 45 170 
2820 38 16 71 125 
2821 33 77 78 188 
2822 95 28 98 221 
2823 76 13 23 112 
2824 36 75 64 175 
2825 32 80 72 184 
2826 87 66 4 157 
2827 86 37 85 208 
2828 56 52 45 153 
2829 70 88 1 159 
2830 98 9 59 166 
2831 90 35 36 161 
2832 4 56 42 102 
2833 67 37 30 134 
2834 55 53 4 112 
2835 52 95 25 172 
2836 34 59 85 178 
2837 77 4 36 117 
2838 16 15 75 106 
2839 78 23 28 129 
2840 17 56 75 148 
2841 43 80 2 125 
2842 60 8 51 119 
2843 10 98 22 130 
2844 23 35 27 85 
2845 32 54 29 115 
2846 60 43 63 166 
2847 93 28 90 211 
2848 12 57 13 82 
2849 20 84 97 201 
2850 5 68 8 81 
2851 25 69 74 168 
2852 50 51 55 156 
2853 73 90 53 216 
2854 50 81 41 172 
2855 29 95 49 173 
2856 64 62 33 159 
2857 25 33 45 103 
2858 63 76 51 190 
2859 68 41 48 157 
2860 75 91 66 232 
2861 47 36 48 131 
2862 49 65 1 115 
2863 86 43 71 200 
2864 49 82 20 151 
2865 16 66 77 159 
2866 93 29 23 145 
2867 63 41 7 111 
2868 23 60 77 160 
2869 70 6 50 126 
2870 55 73 72 200 
2871 74 26 10 110 
2872 39 94 4 137 
2873 17 98 86 201 
2874 34 54 11 99 
2875 79 33 59 171 
2876 70 80 3 153 
2877 80 22 43 145 
2878 2 70 62 134 
2879 24 73 42 139 
2880 84 42 72 198 
2881 52 24 63 139 
2882 82 50 84 216 
2883 65 95 60 220 
2884 75 1 20 96 
2885 62 20 65 147 
2886 75 61 32 168 
2887 69 58 5 132 
2888 29 41 4 74 
2889 82 69 43 194 
2890 3 35 3 41 
2891 70 16 88 174 
2892 89 69 59 217 
2893 25 72 27 124 
2894 79 26 35 140 
2895 11 68 58 137 
2896 84 12 78 174 
2897 96 73 17 186 
2898 48 47 81 176 
2899 16 77 72 165 
2900 24 75 24 123 
2901 72 63 55 190 
2902 28 2 59 89 
2903 97 88 42 227 
2904 23 84 20 127 
2905 33 49 5 87 
2906 42 79 56 177 
2907 25 71 58 154 
2908 8 54 80 142 
2909 78 29 68 175 
2910 85 50 43 178 
2911 7 57 6 70 
2912 63 74 58 195 
2913 59 86 38 183 
2914 54 98 58 210 
2915 60 52 5 117 
2916 10 57 55 122 
2917 85 29 64 178 
2918 35 1 68 104 
2919 49 30 21 100 
2920 51 11 14 76 
2921 45 50 16 111 
2922 73 86 87 246 
2923 38 45 98 181 
2924 90 69 26 185 
2925 23 56 56 135 
2926 80 61 73 214 
2927 53 64 70 187 
2928 74 86 69 229 
2929 80 14 48 142 
2930 2 50 33 85 
2931 94 12 54 160 
2932 79 30 44 153 
2933 70 18 59 147 
2934 45 76 86 207 
2935 60 93 41 194 
2936 63 81 2 146 
2937 94 23 64 181 
2938 57 38 40 135 
2939 94 47 45 186 
2940 56 83 94 233 
2941 6 89 44 139 
2942 77 76 4 157 
2943 80 56 2 138 
2944 32 35 93 160 
2945 27 8 52 87 
2946 96 84 32 212 
2947 58 83 54 195 
2948 91 78 50 219 
2949 89 2 77 168 
2950 2 71 56 129 
2951 38 77 1 116 
2952 16 75 56 147 
2953 15 4 53 72 
2954 60 41 46 147 
2955 16 29 29 74 
2956 78 53 87 218 
2957 28 33 54 115 
2958 69 6 28 103 
2959 93 59 33 185 
2960 65 18 16 99 
2961 31 44 30 105 
2962 87 63 57 207 
2963 4 94 84 182 
2964 22 1 61 84 
2965 46 89 98 233 
2966 19 11 69 99 
2967 36 85 33 154 
2968 60 60 42 162 
2969 39 74 20 133 
2970 62 5 78 145 
2971 21 33 60 114 
2972 84 30 29 143 
2973 97 12 73 182 
2974 58 5 33 96 
2975 21 66 55 142 
2976 41 86 52 179 
2977 65 65 3 133 
2978 95 12 18 125 
2979 62 85 56 203 
2980 5 12 74 91 
2981 42 61 29 132 
2982 37 9 30 76 
2983 69 67 26 162 
2984 32 25 62 119 
2985 19 82 39 140 
2986 44 44 79 167 
2987 73 85 93 251 
2988 6 87 83 176 
2989 62 19 69 150 
2990 51 56 68 175 
2991 48 35 80 163 
2992 78 13 8 99 
2993 12 25 80 117 
2994 79 57 14 150 
2995 63 58 45 166 
2996 31 70 47 148 
2997 51 15 32 98 
2998 7 14 6 27 
2999 44 55 94 193 
3000 96 9 19 124 
3001 60 40 32 132 
3002 88 73 72 233 
3003 30 30 72 132 
3004 87 29 38 154 
3005 36 50 71 157 
3006 51 30 83 164 
3007 66 88 52 206 
3008 77 16 68 161 
3009 54 91 41 186 
3010 15 26 9 50 
3011 72 16 48 136 
3012 6 94 98 198 
3013 21 54 25 100 
3014 14 21 59 94 
3015 93 53 10 156 
3016 77 27 26 130 
3017 72 94 95 261 
3018 12 47 46 105 
3019 93 47 6 146 
3020 26 73 6 105 
3021 75 57 75 207 
3022 32 29 72 133 
3023 92 85 96 273 
3024 49 20 33 102 
3025 96 79 84 259 
3026 26 98 32 156 
3027 85 52 77 214 
3028 8 2 4 14 
3029 6 22 88 116 
3030 37 52 62 151 
3031 92 33 57 182 
3032 20 87 71 178 
3033 27 10 74 111 
3034 11 77 31 119 
3035 22 24 9 55 
3036 87 3 82 172 
3037 75 54 94 223 
3038 82 48 2 132 
3039 34 19 74 127 
3040 78 49 4 131 
3041 62 23 75 160 
3042 88 97 19 204 
3043 48 5 38 91 
3044 86 53 84 223 
3045 75 42 63 180 
3046 63 82 98 243 
3047 21 34 41 96 
3048 97 14 59 170 
3049 97 15 95 207 
3050 66 19 97 182 
3051 20 66 17 103 
3052 17 43 3 63 
3053 75 17 72 164 
3054 67 26 43 136 
3055 72 16 89 177 
3056 49 43 35 127 
3057 13 45 65 123 
3058 50 66 56 172 
3059 84 19 51 154 
3060 6 49 16 71 
3061 73 22 35 130 
3062 89 49 67 205 
3063 85 5 80 170 
3064 87 41 49 177 
3065 74 42 47 163 
3066 84 36 30 150 
3067 97 71 13 181 
3068 56 3 2 61 
3069 86 92 10 188 
3070 30 79 57 166 
3071 46 82 40 168 
3072 77 42 77 196 
3073 71 10 27 108 
3074 7 75 8 90 
3075 51 82 85 218 
3076 7 39 27 73 
3077 7 41 20 68 
3078 42 58 34 134 
3079 31 50 52 133 
3080 13 49 22 84 
3081 43 75 6 124 
3082 61 2 46 109 
3083 34 62 77 173 
3084 64 70 83 217 
3085 23 24 8 55 
3086 48 3 34 85 
3087 72 74 67 213 
3088 1 64 12 77 
3089 29 17 80 126 
3090 28 55 11 94 
3091 28 4 64 96 
3092 54 7 4 65 
3093 43 80 3 126 
3094 62 61 80 203 
3095 94 81 66 241 
3096 98 53 18 169 
3097 9 43 84 136 
3098 64 93 23 180 
3099 9 11 12 32 
3100 12 17 66 95 
3101 81 25 80 186 
3102 75 45 47 167 
3103 50 82 95 227 
3104 69 62 13 144 
3105 13 94 39 146 
3106 70 72 85 227 
3107 15 72 65 152 
3108 28 39 3 70 
3109 26 5 90 121 
3110 26 7 87 120 
3111 83 38 8 129 
3112 32 8 36 76 
3113 14 90 84 188 
3114 38 48 47 133 
3115 5 64 24 93 
3116 76 36 51 163 
3117 69 89 49 207 
3118 43 29 42 114 
3119 84 20 50 154 
3120 69 32 75 176 
3121 14 52 84 150 
3122 9 33 48 90 
3123 30 53 73 156 
3124 16 47 44 107 
3125 36 42 58 136 
3126 66 81 37 184 
3127 7 24 72 103 
3128 83 7 66 156 
3129 52 6 36 94 
3130 8 10 1 19 
3131 6 25 75 106 
3132 65 6 65 136 
3133 57 19 98 174 
3134 26 14 53 93 
3135 12 6 41 59 
3136 65 96 31 192 
3137 25 16 36 77 
3138 42 10 35 87 
3139 32 21 69 122 
3140 16 60 74 150 
3141 86 33 93 212 
3142 16 2 11 29 
3143 89 21 35 145 
3144 48 40 43 131 
3145 36 13 82 131 
3146 57 56 11 124 
3147 45 50 51 146 
3148 88 54 59 201 
3149 79 74 2 155 
3150 43 92 39 174 
3151 9 18 19 46 
3152 10 65 22 97 
3153 59 25 40 124 
3154 14 50 83 147 
3155 24 86 97 207 
3156 5 47 98 150 
3157 49 57 93 199 
3158 59 57 95 211 
3159 93 12 32 137 
3160 17 76 60 153 
3161 24 79 21 124 
3162 89 6 26 121 
3163 66 37 92 195 
3164 41 87 73 201 
3165 21 95 21 137 
3166 85 91 19 195 
3167 51 77 74 202 
3168 50 10 83 143 
3169 46 76 51 173 
3170 59 66 14 139 
3171 27 9 51 87 
3172 22 64 38 124 
3173 5 30 50 85 
3174 14 80 14 108 
3175 65 24 47 136 
3176 91 96 7 194 
3177 71 62 36 169 
3178 1 24 21 46 
3179 53 56 81 190 
3180 71 7 9 87 
3181 92 7 90 189 
3182 83 40 57 180 
3183 95 9 67 171 
3184 60 25 57 142 
3185 67 75 33 175 
3186 94 33 52 179 
3187 62 45 88 195 
3188 41 11 3 55 
3189 61 82 17 160 
3190 88 40 64 192 
3191 70 36 68 174 
3192 13 47 52 112 
3193 13 57 51 121 
3194 52 43 75 170 
3195 48 74 37 159 
3196 22 46 65 133 
3197 45 85 91 221 
3198 47 45 26 118 
3199 40 75 35 150 
3200 97 29 89 215 
3201 4 30 98 132 
3202 11 18 70 99 
3203 17 3 86 106 
3204 67 9 89 165 
3205 2 55 73 130 
3206 43 15 45 103 
3207 36 19 19 74 
3208 19 38 38 95 
3209 91 33 19 143 
3210 67 19 83 169 
3211 72 65 33 170 
3212 55 85 83 223 
3213 15 18 68 101 
3214 36 75 44 155 
3215 89 85 20 194 
3216 6 39 49 94 
3217 6 51 41 98 
3218 44 74 74 192 
3219 13 24 13 50 
3220 83 56 25 164 
3221 62 48 93 203 
3222 35 87 34 156 
3223 63 68 65 196 
3224 64 94 89 247 
3225 49 89 44 182 
3226 68 36 3 107 
3227 11 4 37 52 
3228 54 34 23 111 
3229 89 51 12 152 
3230 58 42 88 188 
3231 73 67 83 223 
3232 44 58 20 122 
3233 78 8 78 164 
3234 20 43 60 123 
3235 25 20 38 83 
3236 5 64 2 71 
3237 32 59 22 113 
3238 96 45 21 162 
3239 82 80 6 168 
3240 50 8 24 82 
3241 23 38 16 77 
3242 3 2 89 94 
3243 69 4 95 168 
3244 24 39 21 84 
3245 24 67 50 141 
3246 6 17 80 103 
3247 52 85 40 177 
3248 71 82 52 205 
3249 39 41 9 89 
3250 72 1 68 141 
3251 17 6 51 74 
3252 16 66 54 136 
3253 43 7 48 98 
3254 12 83 38 133 
3255 21 67 69 157 
3256 63 20 33 116 
3257 60 2 38 100 
3258 94 29 48 171 
3259 51 6 10 67 
3260 68 79 14 161 
3261 30 40 50 120 
3262 57 1 54 112 
3263 95 72 2 169 
3264 6 74 29 109 
3265 94 74 4 172 
3266 66 60 96 222 
3267 4 96 31 131 
3268 55 25 8 88 
3269 31 23 84 138 
3270 66 49 65 180 
3271 43 83 16 142 
3272 67 54 1 122 
3273 67 54 48 169 
3274 77 32 67 176 
3275 71 65 81 217 
3276 13 63 78 154 
3277 39 68 50 157 
3278 44 30 48 122 
3279 50 14 19 83 
3280 31 40 6 77 
3281 51 2 83 136 
3282 73 21 79 173 
3283 25 78 17 120 
3284 11 39 17 67 
3285 7 7 31 45 
3286 32 69 24 125 
3287 12 15 92 119 
3288 82 50 67 199 
3289 7 52 81 140 
3290 43 47 86 176 
3291 65 70 97 232 
3292 90 98 26 214 
3293 53 5 89 147 
3294 24 7 15 46 
3295 75 8 97 180 
3296 82 97 90 269 
3297 34 81 14 129 
3298 95 78 45 218 
3299 62 57 29 148 
3300 32 62 90 184 
3301 7 82 7 96 
3302 10 22 38 70 
3303 35 88 5 128 
3304 83 65 13 161 
3305 2 58 72 132 
3306 40 22 13 75 
3307 10 23 29 62 
3308 6 42 45 93 
3309 24 90 73 187 
3310 38 33 69 140 
3311 1 14 51 66 
3312 11 30 96 137 
3313 56 56 91 203 
3314 62 50 94 206 
3315 16 71 39 126 
3316 10 56 60 126 
3317 86 12 55 153 
3318 41 94 1 136 
3319 23 12 85 120 
3320 87 38 94 219 
3321 3 68 32 103 
3322 81 6 77 164 
3323 38 14 16 68 
3324 32 81 13 126 
3325 60 80 85 225 
3326 28 7 31 66 
3327 68 9 61 138 
3328 49 20 75 144 
3329 39 74 55 168 
3330 92 72 98 262 
3331 8 98 31 137 
3332 60 62 57 179 
3333 86 83 89 258 
3334 88 69 76 233 
3335 25 25 61 111 
3336 46 2 81 129 
3337 66 67 15 148 
3338 61 95 65 221 
3339 52 55 28 135 
3340 63 40 31 134 
3341 48 1 55 104 
3342 85 1 11 97 
3343 98 25 69 192 
3344 20 52 83 155 
3345 62 37 53 152 
3346 73 26 76 175 
3347 6 14 46 66 
3348 61 78 48 187 
3349 72 90 15 177 
3350 55 2 23 80 
3351 79 31 62 172 
3352 97 17 88 202 
3353 6 32 85 123 
3354 49 61 26 136 
3355 13 9 68 90 
3356 5 1 36 42 
3357 39 29 60 128 
3358 17 10 85 112 
3359 17 42 43 102 
3360 69 65 7 141 
3361 63 92 46 201 
3362 90 43 43 176 
3363 12 62 91 165 
3364 22 55 38 115 
3365 2 79 77 158 
3366 78 82 80 240 
3367 73 46 58 177 
3368 85 41 70 196 
3369 76 85 8 169 
3370 58 27 6 91 
3371 50 28 85 163 
3372 59 69 95 223 
3373 3 36 16 55 
3374 62 48 52 162 
3375 60 18 18 96 
3376 68 85 53 206 
3377 80 56 90 226 
3378 2 60 92 154 
3379 57 12 54 123 
3380 11 14 90 115 
3381 16 48 61 125 
3382 97 97 64 258 
3383 62 54 32 148 
3384 30 37 64 131 
3385 62 66 37 165 
3386 47 55 63 165 
3387 58 32 26 116 
3388 89 36 68 193 
3389 98 89 30 217 
3390 89 80 71 240 
3391 80 58 27 165 
3392 84 93 20 197 
3393 68 5 14 87 
3394 69 64 55 188 
3395 13 47 66 126 
3396 14 56 53 123 
3397 65 4 21 90 
3398 76 4 11 91 
3399 46 62 24 132 
3400 16 11 61 88 
3401 9 9 17 35 
3402 9 22 30 61 
3403 93 47 96 236 
3404 56 35 78 169 
3405 97 18 21 136 
3406 14 56 43 113 
3407 70 4 56 130 
3408 71 52 91 214 
3409 79 15 68 162 
3410 63 38 55 156 
3411 15 44 74 133 
3412 19 7 54 80 
3413 14 41 77 132 
3414 24 73 71 168 
3415 73 79 58 210 
3416 60 13 7 80 
3417 60 40 22 122 
3418 6 30 85 121 
3419 84 61 60 205 
3420 18 76 41 135 
3421 54 52 78 184 
3422 28 34 42 104 
3423 9 15 42 66 
3424 78 44 16 138 
3425 20 62 4 86 
3426 2 20 91 113 
3427 21 33 69 123 
3428 31 19 27 77 
3429 7 17 25 49 
3430 80 21 33 134 
3431 96 53 22 171 
3432 72 95 14 181 
3433 19 65 31 115 
3434 85 27 44 156 
3435 95 52 66 213 
3436 32 1 53 86 
3437 78 15 30 123 
3438 85 85 19 189 
3439 33 22 98 153 
3440 30 45 44 119 
3441 40 43 88 171 
3442 85 9 53 147 
3443 18 29 47 94 
3444 17 7 41 65 
3445 86 59 97 242 
3446 49 6 20 75 
3447 66 85 48 199 
3448 38 27 80 145 
3449 93 6 23 122 
3450 77 1 21 99 
3451 48 34 80 162 
3452 70 35 67 172 
3453 88 93 72 253 
3454 46 22 37 105 
3455 12 2 45 59 
3456 63 6 34 103 
3457 2 69 73 144 
3458 37 27 8 72 
3459 60 60 58 178 
3460 24 51 35 110 
3461 21 91 13 125 
3462 62 61 15 138 
3463 27 28 20 75 
3464 20 10 98 128 
3465 98 33 92 223 
3466 77 60 69 206 
3467 7 90 96 193 
3468 11 98 27 136 
3469 26 30 91 147 
3470 38 59 69 166 
3471 1 88 28 117 
3472 51 90 34 175 
3473 51 66 72 189 
3474 90 4 52 146 
3475 64 80 26 170 
3476 85 82 13 180 
3477 22 4 4 30 
3478 62 84 75 221 
3479 47 75 30 152 
3480 55 46 43 144 
3481 86 81 47 214 
3482 93 41 13 147 
3483 27 2 34 63 
3484 39 31 42 112 
3485 67 95 38 200 
3486 6 79 22 107 
3487 81 39 52 172 
3488 8 84 44 136 
3489 51 69 3 123 
3490 4 33 80 117 
3491 76 88 82 246 
3492 53 15 34 102 
3493 88 47 55 190 
3494 42 69 11 122 
3495 53 60 17 130 
3496 30 19 26 75 
3497 75 20 17 112 
3498 91 83 48 222 
3499 3 41 62 106 
3500 48 93 77 218 
3501 26 67 79 172 
3502 18 39 52 109 
3503 27 13 42 82 
3504 73 76 81 230 
3505 36 98 80 214 
3506 60 6 82 148 
3507 33 21 60 114 
3508 87 63 61 211 
3509 34 49 7 90 
3510 70 27 73 170 
3511 78 49 12 139 
3512 31 52 48 131 
3513 75 87 34 196 
3514 5 23 4 32 
3515 90 31 46 167 
3516 58 4 82 144 
3517 13 66 59 138 
3518 5 68 50 123 
3519 83 65 74 222 
3520 50 94 7 151 
3521 5 35 84 124 
3522 5 87 81 173 
3523 60 32 50 142 
3524 6 71 40 117 
3525 75 69 49 193 
3526 30 93 35 158 
3527 98 83 23 204 
3528 75 67 54 196 
3529 7 88 61 156 
3530 19 80 94 193 
3531 88 19 89 196 
3532 6 85 50 141 
3533 66 81 8 155 
3534 64 54 95 213 
3535 3 46 16 65 
3536 71 73 94 238 
3537 54 12 2 68 
3538 32 80 25 137 
3539 11 87 22 120 
3540 51 80 77 208 
3541 17 32 19 68 
3542 41 57 55 153 
3543 79 23 39 141 
3544 13 39 41 93 
3545 4 75 78 157 
3546 86 68 70 224 
3547 58 35 66 159 
3548 31 87 10 128 
3549 75 67 37 179 
3550 69 36 15 120 
3551 84 54 87 225 
3552 74 77 59 210 
3553 26 81 24 131 
3554 35 54 15 104 
3555 15 33 45 93 
3556 74 75 74 223 
3557 38 10 9 57 
3558 89 8 22 119 
3559 91 36 7 134 
3560 77 53 35 165 
3561 81 74 15 170 
3562 76 5 98 179 
3563 79 26 6 111 
3564 61 46 69 176 
3565 63 39 23 125 
3566 77 6 1 84 
3567 62 16 78 156 
3568 98 9 70 177 
3569 72 32 69 173 
3570 61 97 13 171 
3571 46 72 3 121 
3572 28 47 1 76 
3573 95 10 74 179 
3574 68 73 77 218 
3575 33 39 91 163 
3576 72 13 27 112 
3577 58 81 3 142 
3578 52 25 81 158 
3579 74 40 26 140 
3580 47 80 73 200 
3581 18 89 53 160 
3582 10 19 67 96 
3583 33 38 71 142 
3584 37 93 60 190 
3585 62 12 17 91 
3586 97 8 94 199 
3587 65 33 9 107 
3588 92 66 92 250 
3589 62 93 79 234 
3590 65 9 58 132 
3591 42 58 34 134 
3592 68 97 69 234 
3593 93 6 64 163 
3594 74 63 76 213 
3595 77 78 22 177 
3596 83 56 69 208 
3597 83 77 53 213 
3598 65 60 60 185 
3599 92 75 46 213 
3600 98 45 91 234 
3601 14 27 77 118 
3602 29 62 11 102 
3603 1 35 56 92 
3604 6 34 95 135 
3605 2 52 25 79 
3606 45 1 58 104 
3607 60 75 95 230 
3608 63 7 6 76 
3609 29 65 44 138 
3610 79 60 31 170 
3611 4 8 61 73 
3612 16 85 15 116 
3613 86 34 97 217 
3614 93 72 71 236 
3615 6 97 87 190 
3616 41 67 61 169 
3617 2 57 21 80 
3618 88 90 38 216 
3619 30 76 13 119 
3620 23 91 35 149 
3621 54 41 3 98 
3622 26 39 30 95 
3623 78 32 98 208 
3624 9 65 17 91 
3625 51 68 53 172 
3626 86 71 26 183 
3627 62 15 97 174 
3628 16 37 75 128 
3629 97 48 67 212 
3630 67 18 40 125 
3631 86 29 9 124 
3632 56 29 21 106 
3633 47 61 21 129 
3634 51 72 7 130 
3635 79 74 42 195 
3636 24 49 72 145 
3637 33 45 34 112 
3638 43 33 42 118 
3639 70 29 33 132 
3640 79 82 27 188 
3641 27 83 67 177 
3642 20 6 56 82 
3643 22 40 86 148 
3644 10 13 75 98 
3645 53 78 40 171 
3646 98 39 60 197 
3647 96 95 66 257 
3648 59 78 13 150 
3649 94 62 30 186 
3650 98 68 37 203 
3651 12 89 83 184 
3652 74 33 70 177 
3653 15 69 88 172 
3654 89 40 71 200 
3655 7 57 32 96 
3656 70 32 45 147 
3657 15 45 12 72 
3658 14 47 12 73 
3659 95 62 6 163 
3660 70 23 31 124 
3661 64 22 1 87 
3662 63 58 97 218 
3663 95 91 8 194 
3664 11 83 57 151 
3665 18 51 86 155 
3666 95 74 98 267 
3667 82 34 65 181 
3668 46 8 56 110 
3669 34 30 61 125 
3670 45 37 3 85 
3671 97 59 72 228 
3672 68 79 72 219 
3673 61 98 73 232 
3674 42 74 20 136 
3675 75 52 20 147 
3676 80 44 84 208 
3677 36 45 40 121 
3678 28 87 28 143 
3679 54 61 57 172 
3680 89 49 77 215 
3681 27 7 98 132 
3682 32 72 47 151 
3683 38 31 3 72 
3684 58 67 38 163 
3685 35 25 66 126 
3686 68 72 96 236 
3687 49 1 47 97 
3688 44 81 21 146 
3689 90 95 30 215 
3690 83 71 59 213 
3691 78 48 54 180 
3692 90 44 4 138 
3693 5 40 28 73 
3694 29 55 29 113 
3695 87 97 38 222 
3696 7 56 59 122 
3697 62 30 84 176 
3698 95 14 2 111 
3699 96 75 60 231 
3700 23 12 21 56 
3701 41 87 11 139 
3702 96 18 8 122 
3703 97 23 15 135 
3704 84 32 80 196 
3705 38 35 77 150 
3706 27 73 30 130 
3707 81 57 72 210 
3708 9 48 55 112 
3709 2 3 66 71 
3710 36 92 97 225 
3711 3 26 61 90 
3712 60 6 27 93 
3713 45 41 35 121 
3714 22 77 13 112 
3715 14 14 34 62 
3716 66 20 14 100 
3717 66 63 95 224 
3718 60 1 83 144 
3719 11 17 18 46 
3720 44 68 23 135 
3721 90 74 72 236 
3722 82 67 94 243 
3723 87 47 6 140 
3724 19 23 12 54 
3725 21 50 51 122 
3726 52 39 49 140 
3727 70 9 54 133 
3728 61 12 51 124 
3729 88 4 14 106 
3730 38 65 33 136 
3731 53 6 88 147 
3732 40 15 95 150 
3733 25 23 55 103 
3734 2 11 23 36 
3735 31 94 97 222 
3736 19 64 96 179 
3737 4 34 25 63 
3738 78 70 42 190 
3739 64 32 3 99 
3740 11 20 72 103 
3741 59 60 82 201 
3742 14 35 35 84 
3743 47 11 84 142 
3744 12 43 41 96 
3745 22 63 39 124 
3746 79 41 17 137 
3747 14 42 14 70 
3748 29 79 52 160 
3749 62 13 65 140 
3750 25 85 42 152 
3751 1 46 74 121 
3752 94 76 12 182 
3753 38 45 29 112 
3754 45 27 52 124 
3755 28 31 44 103 
3756 82 83 41 206 
3757 85 70 68 223 
3758 5 56 87 148 
3759 62 85 46 193 
3760 87 63 73 223 
3761 18 93 2 113 
3762 22 63 40 125 
3763 54 26 30 110 
3764 21 62 36 119 
3765 33 22 48 103 
3766 6 8 16 30 
3767 52 52 37 141 
3768 51 95 67 213 
3769 45 61 59 165 
3770 92 29 96 217 
3771 98 30 62 190 
3772 7 70 67 144 
3773 89 27 45 161 
3774 8 24 2 34 
3775 84 78 23 185 
3776 74 51 31 156 
3777 9 72 98 179 
3778 20 9 74 103 
3779 64 2 58 124 
3780 7 73 48 128 
3781 24 65 65 154 
3782 98 36 31 165 
3783 30 74 65 169 
3784 84 36 34 154 
3785 31 95 46 172 
3786 80 95 26 201 
3787 10 61 82 153 
3788 65 45 27 137 
3789 54 31 48 133 
3790 45 67 9 121 
3791 24 57 49 130 
3792 26 42 26 94 
3793 69 89 39 197 
3794 40 87 31 158 
3795 43 51 51 145 
3796 30 3 47 80 
3797 74 43 65 182 
3798 52 93 39 184 
3799 38 92 8 138 
3800 14 48 3 65 
3801 48 3 35 86 
3802 27 92 26 145 
3803 30 85 65 180 
3804 79 25 90 194 
3805 60 30 58 148 
3806 56 6 68 130 
3807 84 18 48 150 
3808 90 59 58 207 
3809 33 68 85 186 
3810 97 25 6 128 
3811 78 28 8 114 
3812 68 18 54 140 
3813 72 90 31 193 
3814 54 15 39 108 
3815 40 71 14 125 
3816 33 26 14 73 
3817 90 30 4 124 
3818 52 20 92 164 
3819 18 11 94 123 
3820 45 76 53 174 
3821 95 52 91 238 
3822 64 55 68 187 
3823 93 64 18 175 
3824 34 32 69 135 
3825 13 46 80 139 
3826 69 6 21 96 
3827 21 73 96 190 
3828 66 6 44 116 
3829 36 39 85 160 
3830 71 13 84 168 
3831 2 55 60 117 
3832 28 40 77 145 
3833 37 31 75 143 
3834 7 79 69 155 
3835 83 51 32 166 
3836 72 32 83 187 
3837 60 29 94 183 
3838 9 90 12 111 
3839 51 89 30 170 
3840 71 49 78 198 
3841 7 59 14 80 
3842 33 25 94 152 
3843 20 48 90 158 
3844 5 85 55 145 
3845 57 90 57 204 
3846 35 36 87 158 
3847 4 76 60 140 
3848 20 32 68 120 
3849 37 48 54 139 
3850 93 67 1 161 
3851 56 24 10 90 
3852 95 75 19 189 
3853 35 19 16 70 
3854 42 35 37 114 
3855 41 55 13 109 
3856 9 87 66 162 
3857 11 78 42 131 
3858 30 66 13 109 
3859 32 40 34 106 
3860 49 53 34 136 
3861 25 32 34 91 
3862 16 85 86 187 
3863 78 4 83 165 
3864 1 97 31 129 
3865 68 91 58 217 
3866 43 4 4 51 
3867 60 20 22 102 
3868 33 32 40 105 
3869 84 52 20 156 
3870 8 30 70 108 
3871 89 96 37 222 
3872 36 43 1 80 
3873 26 69 1 96 
3874 17 62 49 128 
3875 52 25 73 150 
3876 57 50 21 128 
3877 22 92 61 175 
3878 36 19 23 78 
3879 79 52 33 164 
3880 93 31 86 210 
3881 58 81 56 195 
3882 12 8 14 34 
3883 6 47 61 114 
3884 36 28 22 86 
3885 59 13 15 87 
3886 39 50 33 122 
3887 10 23 16 49 
3888 64 4 41 109 
3889 32 95 3 130 
3890 85 28 43 156 
3891 12 73 17 102 
3892 51 10 25 86 
3893 34 24 37 95 
3894 3 52 6 61 
3895 91 95 54 240 
3896 91 97 15 203 
3897 18 37 82 137 
3898 68 4 36 108 
3899 30 97 70 197 
3900 84 43 65 192 
3901 82 8 83 173 
3902 78 31 73 182 
3903 50 57 72 179 
3904 26 41 84 151 
3905 90 36 80 206 
3906 97 60 46 203 
3907 30 28 9 67 
3908 38 45 37 120 
3909 69 63 43 175 
3910 51 60 72 183 
3911 54 88 38 180 
3912 14 70 57 141 
3913 88 57 51 196 
3914 46 26 15 87 
3915 90 49 6 145 
3916 2 32 76 110 
3917 61 92 59 212 
3918 12 33 27 72 
3919 74 79 86 239 
3920 38 97 48 183 
3921 9 21 39 69 
3922 4 28 11 43 
3923 1 88 3 92 
3924 59 95 15 169 
3925 74 52 75 201 
3926 50 96 39 185 
3927 76 15 48 139 
3928 95 48 27 170 
3929 8 75 84 167 
3930 12 92 46 150 
3931 53 72 59 184 
3932 33 68 22 123 
3933 75 48 63 186 
3934 62 10 55 127 
3935 52 83 42 177 
3936 36 54 14 104 
3937 55 22 31 108 
3938 64 46 74 184 
3939 68 19 95 182 
3940 15 96 58 169 
3941 40 92 14 146 
3942 69 94 83 246 
3943 27 9 49 85 
3944 32 59 93 184 
3945 78 48 22 148 
3946 47 5 47 99 
3947 74 17 59 150 
3948 53 10 52 115 
3949 24 21 34 79 
3950 69 1 76 146 
3951 47 11 42 100 
3952 96 35 86 217 
3953 2 19 66 87 
3954 44 82 91 217 
3955 75 15 67 157 
3956 29 33 28 90 
3957 80 17 97 194 
3958 24 96 81 201 
3959 57 30 3 90 
3960 47 90 64 201 
3961 73 9 94 176 
3962 75 98 7 180 
3963 35 49 4 88 
3964 50 53 95 198 
3965 72 96 43 211 
3966 44 95 1 140 
3967 26 61 26 113 
3968 90 92 33 215 
3969 89 41 70 200 
3970 62 76 24 162 
3971 40 73 36 149 
3972 68 92 15 175 
3973 64 55 12 131 
3974 50 12 44 106 
3975 5 59 4 68 
3976 88 56 2 146 
3977 71 43 83 197 
3978 29 78 13 120 
3979 28 33 44 105 
3980 76 42 94 212 
3981 36 87 63 186 
3982 97 35 48 180 
3983 25 77 29 131 
3984 52 2 24 78 
3985 79 89 39 207 
3986 19 60 38 117 
3987 55 77 71 203 
3988 88 54 89 231 
3989 88 64 68 220 
3990 59 17 93 169 
3991 20 50 97 167 
3992 6 65 41 112 
3993 91 13 86 190 
3994 15 63 87 165 
3995 15 18 22 55 
3996 84 79 20 183 
3997 84 10 90 184 
3998 50 3 10 63 
3999 36 67 60 163 
4000 29 27 21 77 
