1 2 7 2 11
2 4 8 1 13
3 4 2 8 14
4 8 2 4 14
5 12 1 4 17
6 4 1 12 17
7 4 10 4 18
8 8 10 1 19
9 11 5 8 24
10 6 1 17 24
11 3 12 10 25
12 20 1 5 26
13 6 14 7 27
14 14 8 5 27
15 7 14 6 27
16 16 2 11 29
17 24 4 2 30
18 22 4 4 30
19 6 8 16 30
20 13 11 8 32
21 2 14 16 32
22 5 11 16 32
23 9 11 12 32
24 5 23 4 32
25 3 2 28 33
26 10 15 9 34
27 8 24 2 34
28 12 8 14 34
29 4 4 27 35
30 9 9 17 35
31 18 7 11 36
32 3 29 4 36
33 2 11 23 36
34 7 6 24 37
35 32 1 5 38
36 14 3 21 38
37 29 5 4 38
38 15 9 14 38
39 8 6 26 40
40 19 19 2 40
41 15 24 1 40
42 7 7 27 41
43 15 6 20 41
44 18 22 1 41
45 3 35 3 41
46 5 27 10 42
47 29 12 1 42
48 5 1 36 42
49 3 24 16 43
50 39 2 2 43
51 4 28 11 43
52 25 6 13 44
53 17 21 6 44
54 16 16 12 44
55 11 23 11 45
56 8 25 12 45
57 23 1 21 45
58 7 7 31 45
59 9 18 19 46
60 1 24 21 46
61 24 7 15 46
62 11 17 18 46
63 11 8 28 47
64 11 22 14 47
65 43 2 3 48
66 6 21 21 48
67 20 11 17 48
68 1 2 45 48
69 20 17 11 48
70 14 34 1 49
71 17 16 16 49
72 7 17 25 49
73 10 23 16 49
74 24 3 23 50
75 42 7 1 50
76 8 27 15 50
77 25 13 12 50
78 15 26 9 50
79 13 24 13 50
80 21 8 22 51
81 25 20 6 51
82 7 36 8 51
83 27 7 17 51
84 7 10 34 51
85 43 4 4 51
86 4 38 10 52
87 16 31 5 52
88 36 10 6 52
89 40 2 10 52
90 11 4 37 52
91 18 15 20 53
92 14 18 21 53
93 19 23 11 53
94 20 23 11 54
95 39 3 12 54
96 22 16 16 54
97 15 1 38 54
98 19 23 12 54
99 31 22 2 55
100 14 9 32 55
101 1 51 3 55
102 22 24 9 55
103 23 24 8 55
104 41 11 3 55
105 3 36 16 55
106 15 18 22 55
107 17 26 13 56
108 13 15 28 56
109 2 35 19 56
110 12 21 23 56
111 15 37 4 56
112 34 3 19 56
113 23 12 21 56
114 8 19 30 57
115 30 14 13 57
116 38 10 9 57
117 20 8 30 58
118 35 17 6 58
119 14 35 9 58
120 33 17 8 58
121 3 34 22 59
122 4 26 29 59
123 17 2 40 59
124 25 9 25 59
125 12 6 41 59
126 12 2 45 59
127 24 33 3 60
128 18 21 21 60
129 15 41 4 60
130 43 3 14 60
131 9 8 43 60
132 1 36 23 60
133 6 1 53 60
134 3 3 54 60
135 10 16 34 60
136 21 23 17 61
137 55 1 5 61
138 37 16 8 61
139 12 34 15 61
140 14 41 6 61
141 56 3 2 61
142 9 22 30 61
143 3 52 6 61
144 11 48 3 62
145 3 19 40 62
146 40 20 2 62
147 27 33 2 62
148 10 23 29 62
149 14 14 34 62
150 6 12 45 63
151 22 13 28 63
152 29 13 21 63
153 11 33 19 63
154 17 43 3 63
155 27 2 34 63
156 4 34 25 63
157 50 3 10 63
158 51 2 11 64
159 30 12 22 64
160 20 8 36 64
161 15 30 19 64
162 35 4 26 65
163 22 26 17 65
164 14 11 40 65
165 33 27 5 65
166 11 8 46 65
167 3 20 42 65
168 54 7 4 65
169 17 7 41 65
170 3 46 16 65
171 14 48 3 65
172 26 37 3 66
173 3 55 8 66
174 22 13 31 66
175 1 47 18 66
176 5 22 39 66
177 32 21 13 66
178 15 2 49 66
179 1 29 36 66
180 1 14 51 66
181 28 7 31 66
182 6 14 46 66
183 9 15 42 66
184 35 10 22 67
185 3 21 43 67
186 54 1 12 67
187 16 39 12 67
188 51 6 10 67
189 11 39 17 67
190 30 28 9 67
191 56 3 9 68
192 60 7 1 68
193 8 29 31 68
194 11 9 48 68
195 15 43 10 68
196 42 17 9 68
197 5 12 51 68
198 7 41 20 68
199 38 14 16 68
200 54 12 2 68
201 17 32 19 68
202 5 59 4 68
203 13 36 20 69
204 2 37 30 69
205 54 10 5 69
206 9 21 39 69
207 2 5 63 70
208 57 9 4 70
209 25 8 37 70
210 13 26 31 70
211 18 17 35 70
212 31 3 36 70
213 3 58 9 70
214 4 15 51 70
215 24 18 28 70
216 28 29 13 70
217 7 57 6 70
218 28 39 3 70
219 10 22 38 70
220 14 42 14 70
221 35 19 16 70
222 22 24 25 71
223 8 35 28 71
224 12 36 23 71
225 1 51 19 71
226 24 10 37 71
227 3 41 27 71
228 16 26 29 71
229 3 42 26 71
230 2 3 66 71
231 6 3 62 71
232 22 19 30 71
233 39 21 11 71
234 15 12 44 71
235 6 49 16 71
236 5 64 2 71
237 2 3 66 71
238 17 50 5 72
239 7 7 58 72
240 5 17 50 72
241 63 8 1 72
242 34 8 30 72
243 43 27 2 72
244 32 31 9 72
245 2 19 51 72
246 4 28 40 72
247 15 4 53 72
248 37 27 8 72
249 15 45 12 72
250 38 31 3 72
251 12 33 27 72
252 33 14 26 73
253 18 16 39 73
254 16 1 56 73
255 8 39 26 73
256 54 12 7 73
257 19 50 4 73
258 29 31 13 73
259 12 8 53 73
260 5 21 47 73
261 7 39 27 73
262 4 8 61 73
263 14 47 12 73
264 5 40 28 73
265 33 26 14 73
266 40 4 30 74
267 10 48 16 74
268 54 7 13 74
269 50 5 19 74
270 35 6 33 74
271 8 24 42 74
272 5 21 48 74
273 13 11 50 74
274 19 21 34 74
275 29 41 4 74
276 16 29 29 74
277 36 19 19 74
278 17 6 51 74
279 2 51 22 75
280 65 2 8 75
281 30 24 21 75
282 45 25 5 75
283 38 18 19 75
284 43 11 21 75
285 17 18 40 75
286 26 43 6 75
287 3 32 40 75
288 40 22 13 75
289 49 6 20 75
290 27 28 20 75
291 30 19 26 75
292 36 8 32 76
293 36 12 28 76
294 51 6 19 76
295 72 3 1 76
296 43 8 25 76
297 42 31 3 76
298 17 25 34 76
299 49 10 17 76
300 1 27 48 76
301 51 11 14 76
302 37 9 30 76
303 32 8 36 76
304 28 47 1 76
305 63 7 6 76
306 52 23 2 77
307 22 6 49 77
308 18 18 41 77
309 16 35 26 77
310 1 69 7 77
311 47 21 9 77
312 29 41 7 77
313 38 8 31 77
314 32 7 38 77
315 58 10 9 77
316 25 42 10 77
317 1 69 7 77
318 27 17 33 77
319 4 59 14 77
320 1 64 12 77
321 25 16 36 77
322 23 38 16 77
323 31 40 6 77
324 31 19 27 77
325 29 27 21 77
326 43 27 8 78
327 19 49 10 78
328 7 53 18 78
329 29 2 47 78
330 31 7 40 78
331 23 49 6 78
332 35 4 39 78
333 28 30 20 78
334 24 42 12 78
335 31 26 21 78
336 13 3 62 78
337 31 39 8 78
338 5 26 47 78
339 36 19 23 78
340 52 2 24 78
341 10 58 11 79
342 26 22 31 79
343 2 7 70 79
344 29 2 48 79
345 12 12 55 79
346 11 38 30 79
347 33 30 16 79
348 20 19 40 79
349 29 23 27 79
350 4 35 40 79
351 18 28 33 79
352 2 52 25 79
353 24 21 34 79
354 23 10 47 80
355 19 8 53 80
356 53 15 12 80
357 22 17 41 80
358 24 48 8 80
359 11 13 56 80
360 2 28 50 80
361 51 6 23 80
362 25 24 31 80
363 14 48 18 80
364 55 2 23 80
365 19 7 54 80
366 60 13 7 80
367 2 57 21 80
368 30 3 47 80
369 7 59 14 80
370 36 43 1 80
371 29 35 17 81
372 58 2 21 81
373 39 3 39 81
374 17 55 9 81
375 2 48 31 81
376 16 64 1 81
377 5 68 8 81
378 10 49 23 82
379 43 31 8 82
380 31 20 31 82
381 3 44 35 82
382 35 28 19 82
383 36 39 7 82
384 64 7 11 82
385 12 57 13 82
386 50 8 24 82
387 27 13 42 82
388 20 6 56 82
389 21 40 22 83
390 15 55 13 83
391 65 15 3 83
392 60 8 15 83
393 32 23 28 83
394 43 35 5 83
395 24 5 54 83
396 15 23 45 83
397 21 59 3 83
398 8 32 43 83
399 19 22 42 83
400 58 13 12 83
401 33 48 2 83
402 19 34 30 83
403 25 20 38 83
404 50 14 19 83
405 61 22 1 84
406 16 58 10 84
407 32 23 29 84
408 44 3 37 84
409 10 30 44 84
410 62 14 8 84
411 22 43 19 84
412 56 2 26 84
413 25 19 40 84
414 37 32 15 84
415 22 1 61 84
416 13 49 22 84
417 24 39 21 84
418 77 6 1 84
419 14 35 35 84
420 18 46 21 85
421 16 51 18 85
422 56 27 2 85
423 73 7 5 85
424 35 49 1 85
425 10 18 57 85
426 11 16 58 85
427 18 29 38 85
428 5 79 1 85
429 64 5 16 85
430 31 33 21 85
431 2 47 36 85
432 35 18 32 85
433 23 35 27 85
434 2 50 33 85
435 48 3 34 85
436 5 30 50 85
437 45 37 3 85
438 27 9 49 85
439 9 41 36 86
440 18 5 63 86
441 60 13 13 86
442 45 36 5 86
443 4 32 50 86
444 20 62 4 86
445 32 1 53 86
446 48 3 35 86
447 36 28 22 86
448 51 10 25 86
449 3 6 78 87
450 44 28 15 87
451 22 58 7 87
452 43 9 35 87
453 65 18 4 87
454 7 70 10 87
455 3 76 8 87
456 19 63 5 87
457 33 49 5 87
458 27 8 52 87
459 42 10 35 87
460 27 9 51 87
461 71 7 9 87
462 68 5 14 87
463 64 22 1 87
464 59 13 15 87
465 46 26 15 87
466 2 19 66 87
467 34 9 45 88
468 25 35 28 88
469 7 47 34 88
470 15 47 26 88
471 62 14 12 88
472 57 29 2 88
473 61 1 26 88
474 55 25 8 88
475 16 11 61 88
476 35 49 4 88
477 14 36 39 89
478 48 26 15 89
479 17 7 65 89
480 8 27 54 89
481 64 15 10 89
482 19 64 6 89
483 28 2 59 89
484 39 41 9 89
485 74 10 6 90
486 23 21 46 90
487 6 52 32 90
488 41 17 32 90
489 37 37 16 90
490 54 10 26 90
491 5 13 72 90
492 29 4 57 90
493 23 59 8 90
494 7 75 8 90
495 9 33 48 90
496 13 9 68 90
497 65 4 21 90
498 34 49 7 90
499 3 26 61 90
500 56 24 10 90
501 29 33 28 90
502 57 30 3 90
503 15 49 27 91
504 10 25 56 91
505 47 15 29 91
506 37 26 28 91
507 25 33 33 91
508 10 17 64 91
509 7 39 45 91
510 76 5 10 91
511 39 44 8 91
512 55 9 27 91
513 29 21 41 91
514 12 56 23 91
515 54 18 19 91
516 38 47 6 91
517 20 6 65 91
518 61 22 8 91
519 40 15 36 91
520 5 12 74 91
521 48 5 38 91
522 58 27 6 91
523 76 4 11 91
524 62 12 17 91
525 9 65 17 91
526 25 32 34 91
527 73 2 17 92
528 37 40 15 92
529 68 22 2 92
530 3 32 57 92
531 15 1 76 92
532 9 42 41 92
533 15 61 16 92
534 26 48 18 92
535 9 38 45 92
536 1 39 52 92
537 26 16 50 92
538 15 14 63 92
539 5 3 84 92
540 9 39 44 92
541 26 55 11 92
542 1 35 56 92
543 1 88 3 92
544 71 13 9 93
545 1 52 40 93
546 45 17 31 93
547 50 31 12 93
548 20 16 57 93
549 57 11 25 93
550 49 6 38 93
551 37 42 14 93
552 35 23 35 93
553 5 64 24 93
554 26 14 53 93
555 6 42 45 93
556 13 39 41 93
557 15 33 45 93
558 60 6 27 93
559 54 17 23 94
560 44 20 30 94
561 55 1 38 94
562 80 9 5 94
563 17 53 24 94
564 10 28 56 94
565 28 55 11 94
566 30 21 43 94
567 56 29 9 94
568 4 58 32 94
569 1 38 55 94
570 66 11 17 94
571 12 56 26 94
572 57 30 7 94
573 40 4 50 94
574 4 55 35 94
575 14 21 59 94
576 28 55 11 94
577 52 6 36 94
578 6 39 49 94
579 3 2 89 94
580 18 29 47 94
581 26 42 26 94
582 45 18 32 95
583 25 2 68 95
584 63 2 30 95
585 26 26 43 95
586 2 57 36 95
587 2 54 39 95
588 33 11 51 95
589 38 53 4 95
590 36 17 42 95
591 17 71 7 95
592 40 11 44 95
593 88 1 6 95
594 16 21 58 95
595 7 1 87 95
596 11 6 78 95
597 8 34 53 95
598 12 17 66 95
599 19 38 38 95
600 26 39 30 95
601 34 24 37 95
602 21 5 70 96
603 24 4 68 96
604 12 24 60 96
605 2 4 90 96
606 28 18 50 96
607 35 52 9 96
608 30 5 61 96
609 9 70 17 96
610 15 62 19 96
611 5 71 20 96
612 35 37 24 96
613 13 61 22 96
614 2 50 44 96
615 54 5 37 96
616 62 9 25 96
617 15 51 30 96
618 6 11 79 96
619 75 1 20 96
620 58 5 33 96
621 21 34 41 96
622 28 4 64 96
623 7 82 7 96
624 60 18 18 96
625 10 19 67 96
626 7 57 32 96
627 12 43 41 96
628 69 6 21 96
629 26 69 1 96
630 53 28 16 97
631 22 52 23 97
632 52 43 2 97
633 65 17 15 97
634 53 31 13 97
635 19 62 16 97
636 3 26 68 97
637 10 65 22 97
638 85 1 11 97
639 49 1 47 97
640 32 10 56 98
641 41 7 50 98
642 63 1 34 98
643 40 52 6 98
644 33 52 13 98
645 17 67 14 98
646 68 13 17 98
647 41 32 25 98
648 3 72 23 98
649 11 85 2 98
650 18 14 66 98
651 51 15 32 98
652 6 51 41 98
653 43 7 48 98
654 54 41 3 98
655 10 13 75 98
656 7 33 59 99
657 60 19 20 99
658 68 8 23 99
659 69 8 22 99
660 38 17 44 99
661 36 48 15 99
662 16 44 39 99
663 35 45 19 99
664 34 50 15 99
665 36 48 15 99
666 34 54 11 99
667 65 18 16 99
668 19 11 69 99
669 78 13 8 99
670 11 18 70 99
671 77 1 21 99
672 64 32 3 99
673 47 5 47 99
674 20 77 3 100
675 26 20 54 100
676 34 38 28 100
677 11 44 45 100
678 79 11 10 100
679 88 8 4 100
680 34 63 3 100
681 22 25 53 100
682 6 35 59 100
683 11 85 4 100
684 80 9 11 100
685 38 3 59 100
686 4 94 2 100
687 84 13 3 100
688 49 30 21 100
689 21 54 25 100
690 60 2 38 100
691 66 20 14 100
692 47 11 42 100
693 2 80 19 101
694 51 9 41 101
695 43 51 7 101
696 2 87 12 101
697 60 17 24 101
698 7 30 64 101
699 70 8 23 101
700 6 82 13 101
701 29 68 4 101
702 21 10 70 101
703 22 60 19 101
704 8 88 5 101
705 49 28 24 101
706 31 39 31 101
707 15 18 68 101
708 39 8 55 102
709 42 9 51 102
710 15 20 67 102
711 24 68 10 102
712 23 66 13 102
713 52 5 45 102
714 24 14 64 102
715 6 15 81 102
716 4 95 3 102
717 28 25 49 102
718 7 82 13 102
719 27 32 43 102
720 46 33 23 102
721 7 43 52 102
722 88 2 12 102
723 70 7 25 102
724 6 18 78 102
725 64 1 37 102
726 37 61 4 102
727 61 37 4 102
728 14 29 59 102
729 2 50 50 102
730 55 22 25 102
731 4 56 42 102
732 49 20 33 102
733 17 42 43 102
734 53 15 34 102
735 29 62 11 102
736 60 20 22 102
737 12 73 17 102
738 73 25 5 103
739 28 37 38 103
740 2 16 85 103
741 56 38 9 103
742 31 32 40 103
743 80 12 11 103
744 70 1 32 103
745 31 6 66 103
746 48 18 37 103
747 26 39 38 103
748 34 59 10 103
749 16 50 37 103
750 86 3 14 103
751 25 33 45 103
752 69 6 28 103
753 20 66 17 103
754 7 24 72 103
755 43 15 45 103
756 6 17 80 103
757 3 68 32 103
758 63 6 34 103
759 25 23 55 103
760 11 20 72 103
761 28 31 44 103
762 33 22 48 103
763 20 9 74 103
764 7 26 71 104
765 63 2 39 104
766 12 64 28 104
767 76 9 19 104
768 5 73 26 104
769 42 35 27 104
770 43 56 5 104
771 74 4 26 104
772 37 42 25 104
773 7 38 59 104
774 73 4 27 104
775 92 2 10 104
776 5 67 32 104
777 36 29 39 104
778 68 11 25 104
779 35 1 68 104
780 48 1 55 104
781 28 34 42 104
782 35 54 15 104
783 45 1 58 104
784 36 54 14 104
785 16 80 9 105
786 16 14 75 105
787 32 33 40 105
788 12 16 77 105
789 1 15 89 105
790 1 32 72 105
791 4 49 52 105
792 14 30 61 105
793 33 37 35 105
794 27 47 31 105
795 12 83 10 105
796 90 9 6 105
797 41 32 32 105
798 8 82 15 105
799 8 47 50 105
800 12 9 84 105
801 95 8 2 105
802 31 44 30 105
803 12 47 46 105
804 26 73 6 105
805 46 22 37 105
806 33 32 40 105
807 28 33 44 105
808 15 84 7 106
809 59 11 36 106
810 30 43 33 106
811 71 32 3 106
812 50 45 11 106
813 48 29 29 106
814 52 51 3 106
815 18 38 50 106
816 70 29 7 106
817 15 49 42 106
818 22 18 66 106
819 16 15 75 106
820 6 25 75 106
821 17 3 86 106
822 3 41 62 106
823 56 29 21 106
824 88 4 14 106
825 32 40 34 106
826 50 12 44 106
827 20 27 60 107
828 48 57 2 107
829 69 24 14 107
830 5 80 22 107
831 66 38 3 107
832 30 72 5 107
833 1 10 96 107
834 23 34 50 107
835 22 76 9 107
836 13 15 79 107
837 34 14 59 107
838 32 73 2 107
839 16 47 44 107
840 68 36 3 107
841 6 79 22 107
842 65 33 9 107
843 10 7 91 108
844 60 36 12 108
845 25 25 58 108
846 38 9 61 108
847 37 33 38 108
848 64 31 13 108
849 85 11 12 108
850 27 14 67 108
851 32 5 71 108
852 15 34 59 108
853 4 47 57 108
854 47 21 40 108
855 65 37 6 108
856 67 5 36 108
857 45 55 8 108
858 82 16 10 108
859 15 20 73 108
860 15 7 86 108
861 14 57 37 108
862 71 10 27 108
863 14 80 14 108
864 54 15 39 108
865 8 30 70 108
866 68 4 36 108
867 55 22 31 108
868 30 22 57 109
869 53 11 45 109
870 17 90 2 109
871 78 19 12 109
872 17 16 76 109
873 40 18 51 109
874 36 8 65 109
875 65 18 26 109
876 71 17 21 109
877 16 56 37 109
878 98 3 8 109
879 61 2 46 109
880 6 74 29 109
881 18 39 52 109
882 41 55 13 109
883 30 66 13 109
884 64 4 41 109
885 10 82 18 110
886 56 37 17 110
887 5 81 24 110
888 10 10 90 110
889 2 17 91 110
890 40 31 39 110
891 82 9 19 110
892 61 24 25 110
893 21 79 10 110
894 43 35 32 110
895 54 50 6 110
896 6 14 90 110
897 18 3 89 110
898 86 16 8 110
899 7 52 51 110
900 9 79 22 110
901 41 40 29 110
902 85 19 6 110
903 74 26 10 110
904 24 51 35 110
905 46 8 56 110
906 54 26 30 110
907 2 32 76 110
908 19 78 14 111
909 6 24 81 111
910 9 69 33 111
911 17 38 56 111
912 27 28 56 111
913 12 95 4 111
914 44 18 49 111
915 23 62 26 111
916 6 60 45 111
917 31 3 77 111
918 95 8 8 111
919 56 54 1 111
920 80 17 14 111
921 73 34 4 111
922 88 4 19 111
923 12 95 4 111
924 47 24 40 111
925 63 41 7 111
926 45 50 16 111
927 27 10 74 111
928 54 34 23 111
929 25 25 61 111
930 79 26 6 111
931 95 14 2 111
932 9 90 12 111
933 56 27 29 112
934 33 23 56 112
935 27 50 35 112
936 58 26 28 112
937 89 13 10 112
938 3 68 41 112
939 59 6 47 112
940 6 98 8 112
941 88 19 5 112
942 41 51 20 112
943 10 35 67 112
944 47 33 32 112
945 45 32 35 112
946 48 56 8 112
947 83 26 3 112
948 43 16 53 112
949 32 1 79 112
950 18 48 46 112
951 43 45 24 112
952 10 43 59 112
953 44 23 45 112
954 77 5 30 112
955 47 47 18 112
956 76 13 23 112
957 55 53 4 112
958 13 47 52 112
959 57 1 54 112
960 17 10 85 112
961 39 31 42 112
962 75 20 17 112
963 72 13 27 112
964 33 45 34 112
965 9 48 55 112
966 22 77 13 112
967 38 45 29 112
968 6 65 41 112
969 76 36 1 113
970 89 19 5 113
971 40 8 65 113
972 25 12 76 113
973 27 3 83 113
974 32 39 42 113
975 36 8 69 113
976 44 9 60 113
977 72 18 23 113
978 1 66 46 113
979 5 87 21 113
980 87 4 22 113
981 33 57 23 113
982 28 51 34 113
983 11 24 78 113
984 21 67 25 113
985 32 55 26 113
986 32 59 22 113
987 14 56 43 113
988 2 20 91 113
989 29 55 29 113
990 18 93 2 113
991 26 61 26 113
992 5 47 62 114
993 37 69 8 114
994 44 62 8 114
995 94 13 7 114
996 64 47 3 114
997 69 31 14 114
998 17 22 75 114
999 21 73 20 114
1000 45 47 22 114
1001 52 49 13 114
1002 6 19 89 114
1003 8 46 60 114
1004 16 3 95 114
1005 26 6 82 114
1006 12 61 41 114
1007 20 42 52 114
1008 2 88 24 114
1009 9 72 33 114
1010 10 93 11 114
1011 21 33 60 114
1012 43 29 42 114
1013 33 21 60 114
1014 78 28 8 114
1015 42 35 37 114
1016 6 47 61 114
1017 17 45 53 115
1018 59 19 37 115
1019 9 32 74 115
1020 98 1 16 115
1021 8 56 51 115
1022 42 7 66 115
1023 67 26 22 115
1024 63 44 8 115
1025 51 21 43 115
1026 50 21 44 115
1027 67 11 37 115
1028 54 57 4 115
1029 38 28 49 115
1030 52 43 20 115
1031 41 43 31 115
1032 40 51 24 115
1033 5 32 78 115
1034 18 65 32 115
1035 80 34 1 115
1036 45 45 25 115
1037 50 9 56 115
1038 32 54 29 115
1039 49 65 1 115
1040 28 33 54 115
1041 22 55 38 115
1042 11 14 90 115
1043 19 65 31 115
1044 53 10 52 115
1045 3 79 34 116
1046 49 53 14 116
1047 50 56 10 116
1048 22 78 16 116
1049 36 61 19 116
1050 40 40 36 116
1051 8 93 15 116
1052 27 19 70 116
1053 6 31 79 116
1054 22 9 85 116
1055 44 47 25 116
1056 36 5 75 116
1057 36 57 23 116
1058 85 13 18 116
1059 96 16 4 116
1060 52 29 35 116
1061 50 16 50 116
1062 56 14 46 116
1063 14 6 96 116
1064 51 15 50 116
1065 23 18 75 116
1066 38 77 1 116
1067 6 22 88 116
1068 63 20 33 116
1069 58 32 26 116
1070 16 85 15 116
1071 66 6 44 116
1072 8 83 26 117
1073 52 11 54 117
1074 43 27 47 117
1075 26 48 43 117
1076 42 30 45 117
1077 58 22 37 117
1078 26 11 80 117
1079 37 50 30 117
1080 52 38 27 117
1081 61 31 25 117
1082 13 48 56 117
1083 21 33 63 117
1084 35 35 47 117
1085 23 91 3 117
1086 59 50 8 117
1087 15 55 47 117
1088 24 75 18 117
1089 82 24 11 117
1090 77 4 36 117
1091 60 52 5 117
1092 12 25 80 117
1093 1 88 28 117
1094 4 33 80 117
1095 6 71 40 117
1096 2 55 60 117
1097 19 60 38 117
1098 29 70 19 118
1099 35 64 19 118
1100 63 9 46 118
1101 23 78 17 118
1102 28 18 72 118
1103 25 46 47 118
1104 18 17 83 118
1105 44 25 49 118
1106 81 20 17 118
1107 83 2 33 118
1108 3 70 45 118
1109 40 46 32 118
1110 74 9 35 118
1111 68 1 49 118
1112 21 68 29 118
1113 4 91 23 118
1114 13 22 83 118
1115 1 30 87 118
1116 95 6 17 118
1117 31 33 54 118
1118 47 45 26 118
1119 14 27 77 118
1120 43 33 42 118
1121 55 52 12 119
1122 25 56 38 119
1123 79 14 26 119
1124 30 58 31 119
1125 45 60 14 119
1126 4 81 34 119
1127 41 43 35 119
1128 63 25 31 119
1129 56 6 57 119
1130 62 44 13 119
1131 59 53 7 119
1132 9 48 62 119
1133 11 56 52 119
1134 7 25 87 119
1135 41 20 58 119
1136 4 58 57 119
1137 90 24 5 119
1138 94 20 5 119
1139 60 8 51 119
1140 32 25 62 119
1141 11 77 31 119
1142 12 15 92 119
1143 30 45 44 119
1144 89 8 22 119
1145 30 76 13 119
1146 21 62 36 119
1147 45 20 55 120
1148 2 55 63 120
1149 33 83 4 120
1150 29 62 29 120
1151 25 91 4 120
1152 50 28 42 120
1153 19 95 6 120
1154 39 59 22 120
1155 68 18 34 120
1156 59 2 59 120
1157 39 25 56 120
1158 56 2 62 120
1159 12 72 36 120
1160 66 48 6 120
1161 26 18 76 120
1162 61 4 55 120
1163 11 81 28 120
1164 28 52 40 120
1165 32 69 19 120
1166 83 28 9 120
1167 13 66 41 120
1168 26 7 87 120
1169 30 40 50 120
1170 25 78 17 120
1171 23 12 85 120
1172 11 87 22 120
1173 69 36 15 120
1174 20 32 68 120
1175 38 45 37 120
1176 29 78 13 120
1177 59 54 8 121
1178 34 6 81 121
1179 23 64 34 121
1180 85 2 34 121
1181 75 39 7 121
1182 4 71 46 121
1183 3 58 60 121
1184 54 1 66 121
1185 51 39 31 121
1186 87 7 27 121
1187 48 33 40 121
1188 59 15 47 121
1189 42 7 72 121
1190 43 74 4 121
1191 32 34 55 121
1192 12 54 55 121
1193 8 78 35 121
1194 13 60 48 121
1195 98 1 22 121
1196 26 5 90 121
1197 89 6 26 121
1198 13 57 51 121
1199 6 30 85 121
1200 46 72 3 121
1201 36 45 40 121
1202 45 41 35 121
1203 1 46 74 121
1204 45 67 9 121
1205 20 28 74 122
1206 45 40 37 122
1207 20 55 47 122
1208 74 25 23 122
1209 12 48 62 122
1210 29 12 81 122
1211 67 14 41 122
1212 72 41 9 122
1213 34 73 15 122
1214 71 21 30 122
1215 30 62 30 122
1216 10 57 55 122
1217 32 21 69 122
1218 44 58 20 122
1219 67 54 1 122
1220 44 30 48 122
1221 60 40 22 122
1222 93 6 23 122
1223 42 69 11 122
1224 7 56 59 122
1225 96 18 8 122
1226 21 50 51 122
1227 39 50 33 122
1228 13 98 12 123
1229 6 61 56 123
1230 18 91 14 123
1231 34 58 31 123
1232 84 7 32 123
1233 65 54 4 123
1234 35 48 40 123
1235 5 78 40 123
1236 44 40 39 123
1237 39 47 37 123
1238 63 54 6 123
1239 13 44 66 123
1240 31 38 54 123
1241 95 27 1 123
1242 23 60 40 123
1243 24 75 24 123
1244 13 45 65 123
1245 20 43 60 123
1246 6 32 85 123
1247 57 12 54 123
1248 14 56 53 123
1249 21 33 69 123
1250 78 15 30 123
1251 51 69 3 123
1252 5 68 50 123
1253 18 11 94 123
1254 33 68 22 123
1255 78 1 45 124
1256 78 15 31 124
1257 60 6 58 124
1258 1 25 98 124
1259 1 58 65 124
1260 40 13 71 124
1261 41 64 19 124
1262 47 61 16 124
1263 34 55 35 124
1264 12 18 94 124
1265 64 15 45 124
1266 53 57 14 124
1267 29 20 75 124
1268 42 4 78 124
1269 56 38 30 124
1270 19 94 11 124
1271 27 25 72 124
1272 42 66 16 124
1273 24 11 89 124
1274 66 28 30 124
1275 31 69 24 124
1276 48 8 68 124
1277 83 38 3 124
1278 25 72 27 124
1279 96 9 19 124
1280 43 75 6 124
1281 57 56 11 124
1282 59 25 40 124
1283 24 79 21 124
1284 22 64 38 124
1285 5 35 84 124
1286 86 29 9 124
1287 70 23 31 124
1288 61 12 51 124
1289 22 63 39 124
1290 45 27 52 124
1291 64 2 58 124
1292 90 30 4 124
1293 4 96 25 125
1294 55 1 69 125
1295 61 45 19 125
1296 48 76 1 125
1297 64 3 58 125
1298 46 40 39 125
1299 17 18 90 125
1300 3 37 85 125
1301 1 33 91 125
1302 28 69 28 125
1303 57 46 22 125
1304 90 25 10 125
1305 32 35 58 125
1306 11 58 56 125
1307 60 56 9 125
1308 9 50 66 125
1309 36 41 48 125
1310 28 81 16 125
1311 10 79 36 125
1312 37 56 32 125
1313 52 44 29 125
1314 21 25 79 125
1315 34 17 74 125
1316 23 82 20 125
1317 61 43 21 125
1318 45 75 5 125
1319 38 16 71 125
1320 43 80 2 125
1321 95 12 18 125
1322 32 69 24 125
1323 16 48 61 125
1324 21 91 13 125
1325 63 39 23 125
1326 67 18 40 125
1327 34 30 61 125
1328 22 63 40 125
1329 40 71 14 125
1330 3 40 83 126
1331 61 33 32 126
1332 28 65 33 126
1333 9 66 51 126
1334 78 47 1 126
1335 2 67 57 126
1336 55 17 54 126
1337 11 66 49 126
1338 28 54 44 126
1339 33 8 85 126
1340 26 39 61 126
1341 37 68 21 126
1342 50 69 7 126
1343 6 35 85 126
1344 92 19 15 126
1345 39 5 82 126
1346 46 36 44 126
1347 40 4 82 126
1348 96 12 18 126
1349 4 59 63 126
1350 5 47 74 126
1351 16 55 55 126
1352 6 89 31 126
1353 70 6 50 126
1354 29 17 80 126
1355 43 80 3 126
1356 16 71 39 126
1357 10 56 60 126
1358 32 81 13 126
1359 13 47 66 126
1360 35 25 66 126
1361 26 88 13 127
1362 5 78 44 127
1363 36 70 21 127
1364 33 43 51 127
1365 48 39 40 127
1366 90 17 20 127
1367 20 71 36 127
1368 62 52 13 127
1369 4 97 26 127
1370 14 22 91 127
1371 47 25 55 127
1372 11 55 61 127
1373 29 36 62 127
1374 92 28 7 127
1375 17 40 70 127
1376 12 28 87 127
1377 29 2 96 127
1378 17 88 22 127
1379 20 25 82 127
1380 31 25 71 127
1381 23 84 20 127
1382 34 19 74 127
1383 49 43 35 127
1384 62 10 55 127
1385 66 42 20 128
1386 43 38 47 128
1387 23 89 16 128
1388 32 95 1 128
1389 58 36 34 128
1390 83 24 21 128
1391 95 14 19 128
1392 48 21 59 128
1393 45 69 14 128
1394 34 11 83 128
1395 42 79 7 128
1396 64 27 37 128
1397 89 3 36 128
1398 61 51 16 128
1399 35 88 5 128
1400 39 29 60 128
1401 20 10 98 128
1402 31 87 10 128
1403 16 37 75 128
1404 7 73 48 128
1405 97 25 6 128
1406 17 62 49 128
1407 57 50 21 128
1408 27 50 52 129
1409 9 94 26 129
1410 83 2 44 129
1411 88 12 29 129
1412 39 86 4 129
1413 36 53 40 129
1414 9 26 94 129
1415 72 49 8 129
1416 41 49 39 129
1417 21 58 50 129
1418 53 4 72 129
1419 10 92 27 129
1420 11 66 52 129
1421 31 93 5 129
1422 43 75 11 129
1423 19 66 44 129
1424 78 23 28 129
1425 2 71 56 129
1426 83 38 8 129
1427 34 81 14 129
1428 46 2 81 129
1429 47 61 21 129
1430 1 97 31 129
1431 1 73 56 130
1432 49 80 1 130
1433 60 4 66 130
1434 25 69 36 130
1435 82 5 43 130
1436 2 90 38 130
1437 16 87 27 130
1438 65 19 46 130
1439 70 41 19 130
1440 54 42 34 130
1441 80 7 43 130
1442 42 80 8 130
1443 86 26 18 130
1444 28 39 63 130
1445 40 12 78 130
1446 64 10 56 130
1447 26 33 71 130
1448 22 59 49 130
1449 41 42 47 130
1450 74 8 48 130
1451 91 12 27 130
1452 18 40 72 130
1453 28 13 89 130
1454 10 98 22 130
1455 77 27 26 130
1456 73 22 35 130
1457 2 55 73 130
1458 70 4 56 130
1459 53 60 17 130
1460 51 72 7 130
1461 27 73 30 130
1462 24 57 49 130
1463 56 6 68 130
1464 32 95 3 130
1465 15 69 47 131
1466 48 78 5 131
1467 73 15 43 131
1468 23 95 13 131
1469 4 44 83 131
1470 70 34 27 131
1471 41 37 53 131
1472 35 70 26 131
1473 77 48 6 131
1474 20 88 23 131
1475 64 12 55 131
1476 38 12 81 131
1477 62 13 56 131
1478 33 81 17 131
1479 19 24 88 131
1480 47 36 48 131
1481 78 49 4 131
1482 48 40 43 131
1483 36 13 82 131
1484 4 96 31 131
1485 30 37 64 131
1486 31 52 48 131
1487 26 81 24 131
1488 11 78 42 131
1489 64 55 12 131
1490 25 77 29 131
1491 87 11 34 132
1492 37 4 91 132
1493 4 32 96 132
1494 14 22 96 132
1495 33 38 61 132
1496 3 64 65 132
1497 48 31 53 132
1498 54 20 58 132
1499 58 66 8 132
1500 23 17 92 132
1501 43 22 67 132
1502 13 55 64 132
1503 28 11 93 132
1504 50 59 23 132
1505 69 58 5 132
1506 42 61 29 132
1507 60 40 32 132
1508 30 30 72 132
1509 82 48 2 132
1510 4 30 98 132
1511 2 58 72 132
1512 46 62 24 132
1513 14 41 77 132
1514 65 9 58 132
1515 70 29 33 132
1516 27 7 98 132
1517 74 26 33 133
1518 21 55 57 133
1519 35 61 37 133
1520 93 3 37 133
1521 30 5 98 133
1522 53 36 44 133
1523 43 76 14 133
1524 30 65 38 133
1525 2 82 49 133
1526 97 19 17 133
1527 10 53 70 133
1528 50 52 31 133
1529 81 17 35 133
1530 53 39 41 133
1531 58 8 67 133
1532 29 55 49 133
1533 36 16 81 133
1534 31 47 55 133
1535 82 20 31 133
1536 43 63 27 133
1537 60 9 64 133
1538 22 59 52 133
1539 61 58 14 133
1540 39 74 20 133
1541 65 65 3 133
1542 32 29 72 133
1543 31 50 52 133
1544 38 48 47 133
1545 22 46 65 133
1546 12 83 38 133
1547 15 44 74 133
1548 70 9 54 133
1549 54 31 48 133
1550 91 38 5 134
1551 91 8 35 134
1552 66 58 10 134
1553 79 24 31 134
1554 68 24 42 134
1555 32 97 5 134
1556 38 44 52 134
1557 47 59 28 134
1558 53 65 16 134
1559 52 24 58 134
1560 1 89 44 134
1561 11 27 96 134
1562 30 98 6 134
1563 90 35 9 134
1564 77 2 55 134
1565 53 33 48 134
1566 24 21 89 134
1567 55 57 22 134
1568 13 40 81 134
1569 56 36 42 134
1570 45 61 28 134
1571 57 1 76 134
1572 80 29 25 134
1573 49 21 64 134
1574 16 40 78 134
1575 45 62 27 134
1576 67 37 30 134
1577 2 70 62 134
1578 42 58 34 134
1579 63 40 31 134
1580 80 21 33 134
1581 91 36 7 134
1582 42 58 34 134
1583 7 73 55 135
1584 47 13 75 135
1585 50 46 39 135
1586 65 52 18 135
1587 31 53 51 135
1588 81 28 26 135
1589 85 39 11 135
1590 12 95 28 135
1591 34 3 98 135
1592 79 31 25 135
1593 54 41 40 135
1594 41 83 11 135
1595 43 4 88 135
1596 47 46 42 135
1597 70 5 60 135
1598 23 56 56 135
1599 57 38 40 135
1600 52 55 28 135
1601 18 76 41 135
1602 6 34 95 135
1603 97 23 15 135
1604 44 68 23 135
1605 34 32 69 135
1606 80 33 23 136
1607 35 13 88 136
1608 51 42 43 136
1609 38 74 24 136
1610 94 6 36 136
1611 61 26 49 136
1612 61 16 59 136
1613 3 59 74 136
1614 70 25 41 136
1615 29 72 35 136
1616 71 29 36 136
1617 69 62 5 136
1618 31 22 83 136
1619 43 51 42 136
1620 26 46 64 136
1621 49 25 62 136
1622 29 87 20 136
1623 75 58 3 136
1624 51 21 64 136
1625 62 53 21 136
1626 22 48 66 136
1627 49 29 58 136
1628 51 50 35 136
1629 66 6 64 136
1630 64 40 32 136
1631 72 16 48 136
1632 67 26 43 136
1633 9 43 84 136
1634 36 42 58 136
1635 65 6 65 136
1636 65 24 47 136
1637 16 66 54 136
1638 51 2 83 136
1639 41 94 1 136
1640 49 61 26 136
1641 97 18 21 136
1642 11 98 27 136
1643 8 84 44 136
1644 42 74 20 136
1645 38 65 33 136
1646 49 53 34 136
1647 70 30 37 137
1648 18 29 90 137
1649 31 40 66 137
1650 17 46 74 137
1651 60 63 14 137
1652 74 42 21 137
1653 8 82 47 137
1654 38 70 29 137
1655 24 80 33 137
1656 35 22 80 137
1657 59 15 63 137
1658 58 40 39 137
1659 55 19 63 137
1660 77 33 27 137
1661 39 94 4 137
1662 11 68 58 137
1663 93 12 32 137
1664 21 95 21 137
1665 11 30 96 137
1666 8 98 31 137
1667 32 80 25 137
1668 79 41 17 137
1669 65 45 27 137
1670 18 37 82 137
1671 70 30 38 138
1672 41 47 50 138
1673 45 21 72 138
1674 83 31 24 138
1675 22 86 30 138
1676 62 57 19 138
1677 56 54 28 138
1678 42 47 49 138
1679 44 48 46 138
1680 4 48 86 138
1681 2 81 55 138
1682 38 88 12 138
1683 18 39 81 138
1684 93 27 18 138
1685 20 56 62 138
1686 18 56 64 138
1687 1 49 88 138
1688 80 56 2 138
1689 31 23 84 138
1690 68 9 61 138
1691 78 44 16 138
1692 62 61 15 138
1693 13 66 59 138
1694 29 65 44 138
1695 90 44 4 138
1696 38 92 8 138
1697 15 82 42 139
1698 71 3 65 139
1699 51 31 57 139
1700 33 69 37 139
1701 32 90 17 139
1702 28 39 72 139
1703 65 35 39 139
1704 87 45 7 139
1705 38 58 43 139
1706 97 38 4 139
1707 37 16 86 139
1708 93 25 21 139
1709 53 48 38 139
1710 74 18 47 139
1711 32 90 17 139
1712 50 68 21 139
1713 1 80 58 139
1714 67 33 39 139
1715 13 97 29 139
1716 4 79 56 139
1717 11 43 85 139
1718 71 26 42 139
1719 50 33 56 139
1720 30 28 81 139
1721 24 73 42 139
1722 52 24 63 139
1723 6 89 44 139
1724 59 66 14 139
1725 78 49 12 139
1726 41 87 11 139
1727 13 46 80 139
1728 37 48 54 139
1729 76 15 48 139
1730 30 67 43 140
1731 72 34 34 140
1732 33 28 79 140
1733 29 67 44 140
1734 8 64 68 140
1735 65 28 47 140
1736 69 70 1 140
1737 48 32 60 140
1738 28 35 77 140
1739 22 61 57 140
1740 84 9 47 140
1741 69 8 63 140
1742 74 8 58 140
1743 19 87 34 140
1744 79 53 8 140
1745 37 21 82 140
1746 3 82 55 140
1747 22 66 52 140
1748 78 9 53 140
1749 74 23 43 140
1750 15 43 82 140
1751 52 16 72 140
1752 24 85 31 140
1753 79 26 35 140
1754 19 82 39 140
1755 7 52 81 140
1756 38 33 69 140
1757 74 40 26 140
1758 87 47 6 140
1759 52 39 49 140
1760 62 13 65 140
1761 68 18 54 140
1762 4 76 60 140
1763 44 95 1 140
1764 23 35 83 141
1765 3 57 81 141
1766 59 69 13 141
1767 67 30 44 141
1768 16 93 32 141
1769 5 38 98 141
1770 66 67 8 141
1771 24 80 37 141
1772 62 46 33 141
1773 29 40 72 141
1774 10 51 80 141
1775 96 3 42 141
1776 66 7 68 141
1777 19 47 75 141
1778 62 5 74 141
1779 84 3 54 141
1780 82 51 8 141
1781 63 21 57 141
1782 80 3 58 141
1783 15 66 60 141
1784 36 13 92 141
1785 70 1 70 141
1786 33 21 87 141
1787 70 31 40 141
1788 24 67 50 141
1789 72 1 68 141
1790 69 65 7 141
1791 6 85 50 141
1792 79 23 39 141
1793 52 52 37 141
1794 14 70 57 141
1795 76 30 36 142
1796 40 91 11 142
1797 37 52 53 142
1798 33 81 28 142
1799 50 70 22 142
1800 86 2 54 142
1801 96 12 34 142
1802 30 72 40 142
1803 89 49 4 142
1804 78 38 26 142
1805 14 88 40 142
1806 78 52 12 142
1807 86 13 43 142
1808 86 50 6 142
1809 8 54 80 142
1810 80 14 48 142
1811 21 66 55 142
1812 60 25 57 142
1813 43 83 16 142
1814 60 32 50 142
1815 58 81 3 142
1816 33 38 71 142
1817 47 11 84 142
1818 38 9 96 143
1819 20 97 26 143
1820 33 32 78 143
1821 32 78 33 143
1822 9 60 74 143
1823 31 93 19 143
1824 43 18 82 143
1825 24 22 97 143
1826 52 8 83 143
1827 77 36 30 143
1828 38 93 12 143
1829 61 62 20 143
1830 35 75 33 143
1831 35 93 15 143
1832 62 20 61 143
1833 74 8 61 143
1834 52 17 74 143
1835 61 39 43 143
1836 83 13 47 143
1837 18 84 41 143
1838 92 41 10 143
1839 14 73 56 143
1840 62 46 35 143
1841 62 13 68 143
1842 27 60 56 143
1843 30 74 39 143
1844 31 35 77 143
1845 84 30 29 143
1846 50 10 83 143
1847 91 33 19 143
1848 28 87 28 143
1849 37 31 75 143
1850 13 81 50 144
1851 53 18 73 144
1852 11 49 84 144
1853 32 74 38 144
1854 58 21 65 144
1855 61 81 2 144
1856 89 20 35 144
1857 51 41 52 144
1858 66 30 48 144
1859 15 98 31 144
1860 41 6 97 144
1861 2 52 90 144
1862 31 78 35 144
1863 61 39 44 144
1864 5 94 45 144
1865 33 41 70 144
1866 42 12 90 144
1867 76 57 11 144
1868 2 57 85 144
1869 59 15 70 144
1870 60 81 3 144
1871 33 52 59 144
1872 69 62 13 144
1873 49 20 75 144
1874 2 69 73 144
1875 55 46 43 144
1876 58 4 82 144
1877 60 1 83 144
1878 7 70 67 144
1879 14 58 73 145
1880 60 24 61 145
1881 35 90 20 145
1882 44 77 24 145
1883 24 45 76 145
1884 35 73 37 145
1885 53 86 6 145
1886 3 67 75 145
1887 61 37 47 145
1888 93 29 23 145
1889 2 75 68 145
1890 43 76 26 145
1891 12 90 43 145
1892 87 26 32 145
1893 19 73 53 145
1894 55 19 71 145
1895 53 73 19 145
1896 55 32 58 145
1897 58 35 52 145
1898 98 22 25 145
1899 3 45 97 145
1900 91 8 46 145
1901 89 9 47 145
1902 74 5 66 145
1903 62 42 41 145
1904 52 29 64 145
1905 21 52 72 145
1906 77 54 14 145
1907 79 46 20 145
1908 93 29 23 145
1909 80 22 43 145
1910 62 5 78 145
1911 89 21 35 145
1912 38 27 80 145
1913 24 49 72 145
1914 43 51 51 145
1915 27 92 26 145
1916 28 40 77 145
1917 5 85 55 145
1918 90 49 6 145
1919 60 69 17 146
1920 48 44 54 146
1921 85 3 58 146
1922 30 60 56 146
1923 61 49 36 146
1924 86 19 41 146
1925 39 50 57 146
1926 34 84 28 146
1927 53 60 33 146
1928 26 24 96 146
1929 77 19 50 146
1930 39 54 53 146
1931 89 26 31 146
1932 26 54 66 146
1933 76 36 34 146
1934 51 31 64 146
1935 12 39 95 146
1936 87 21 38 146
1937 38 79 29 146
1938 62 63 21 146
1939 95 11 40 146
1940 63 81 2 146
1941 93 47 6 146
1942 13 94 39 146
1943 45 50 51 146
1944 90 4 52 146
1945 44 81 21 146
1946 40 92 14 146
1947 69 1 76 146
1948 88 56 2 146
1949 44 64 39 147
1950 8 82 57 147
1951 10 62 75 147
1952 86 3 58 147
1953 24 78 45 147
1954 41 56 50 147
1955 84 26 37 147
1956 4 65 78 147
1957 81 29 37 147
1958 52 61 34 147
1959 41 30 76 147
1960 20 45 82 147
1961 33 41 73 147
1962 91 2 54 147
1963 57 52 38 147
1964 85 30 32 147
1965 2 98 47 147
1966 95 11 41 147
1967 77 40 30 147
1968 55 60 32 147
1969 82 19 46 147
1970 68 15 64 147
1971 62 20 65 147
1972 70 18 59 147
1973 16 75 56 147
1974 60 41 46 147
1975 14 50 83 147
1976 53 5 89 147
1977 85 9 53 147
1978 26 30 91 147
1979 93 41 13 147
1980 70 32 45 147
1981 75 52 20 147
1982 53 6 88 147
1983 91 46 11 148
1984 81 14 53 148
1985 58 80 10 148
1986 22 63 63 148
1987 64 41 43 148
1988 54 71 23 148
1989 27 86 35 148
1990 62 22 64 148
1991 65 25 58 148
1992 95 47 6 148
1993 68 64 16 148
1994 35 94 19 148
1995 30 71 47 148
1996 55 57 36 148
1997 93 5 50 148
1998 40 89 19 148
1999 12 89 47 148
2000 80 6 62 148
2001 41 97 10 148
2002 14 41 93 148
2003 51 69 28 148
2004 11 61 76 148
2005 64 22 62 148
2006 47 74 27 148
2007 17 56 75 148
2008 31 70 47 148
2009 62 57 29 148
2010 66 67 15 148
2011 62 54 32 148
2012 60 6 82 148
2013 22 40 86 148
2014 5 56 87 148
2015 60 30 58 148
2016 78 48 22 148
2017 33 52 64 149
2018 85 50 14 149
2019 59 21 69 149
2020 51 16 82 149
2021 19 94 36 149
2022 11 92 46 149
2023 1 53 95 149
2024 47 95 7 149
2025 46 57 46 149
2026 46 48 55 149
2027 4 89 56 149
2028 62 11 76 149
2029 28 87 34 149
2030 21 74 54 149
2031 11 59 79 149
2032 2 63 84 149
2033 10 76 63 149
2034 64 3 82 149
2035 35 40 74 149
2036 50 30 69 149
2037 36 59 54 149
2038 68 11 70 149
2039 72 46 31 149
2040 60 42 47 149
2041 41 91 17 149
2042 35 54 60 149
2043 70 69 10 149
2044 9 53 87 149
2045 23 91 35 149
2046 40 73 36 149
2047 27 55 68 150
2048 91 11 48 150
2049 30 63 57 150
2050 4 64 82 150
2051 95 25 30 150
2052 92 22 36 150
2053 18 76 56 150
2054 80 40 30 150
2055 69 73 8 150
2056 57 43 50 150
2057 68 74 8 150
2058 12 98 40 150
2059 50 80 20 150
2060 83 47 20 150
2061 96 7 47 150
2062 62 19 69 150
2063 79 57 14 150
2064 84 36 30 150
2065 14 52 84 150
2066 16 60 74 150
2067 5 47 98 150
2068 40 75 35 150
2069 59 78 13 150
2070 38 35 77 150
2071 40 15 95 150
2072 84 18 48 150
2073 52 25 73 150
2074 12 92 46 150
2075 74 17 59 150
2076 28 27 96 151
2077 41 39 71 151
2078 20 90 41 151
2079 25 90 36 151
2080 93 45 13 151
2081 2 91 58 151
2082 37 77 37 151
2083 17 65 69 151
2084 33 35 83 151
2085 48 62 41 151
2086 11 59 81 151
2087 56 77 18 151
2088 56 56 39 151
2089 39 86 26 151
2090 79 55 17 151
2091 75 25 51 151
2092 71 45 35 151
2093 35 61 55 151
2094 49 82 20 151
2095 37 52 62 151
2096 50 94 7 151
2097 11 83 57 151
2098 32 72 47 151
2099 26 41 84 151
2100 59 39 54 152
2101 53 80 19 152
2102 71 43 38 152
2103 76 24 52 152
2104 71 23 58 152
2105 57 68 27 152
2106 46 98 8 152
2107 41 80 31 152
2108 73 47 32 152
2109 67 1 84 152
2110 70 81 1 152
2111 1 62 89 152
2112 15 72 65 152
2113 89 51 12 152
2114 62 37 53 152
2115 47 75 30 152
2116 25 85 42 152
2117 33 25 94 152
2118 44 85 24 153
2119 8 52 93 153
2120 54 25 74 153
2121 83 69 1 153
2122 17 53 83 153
2123 74 44 35 153
2124 75 74 4 153
2125 6 70 77 153
2126 72 12 69 153
2127 37 72 44 153
2128 26 36 91 153
2129 36 87 30 153
2130 36 54 63 153
2131 73 75 5 153
2132 78 58 17 153
2133 18 83 52 153
2134 56 52 45 153
2135 70 80 3 153
2136 79 30 44 153
2137 17 76 60 153
2138 86 12 55 153
2139 33 22 98 153
2140 41 57 55 153
2141 10 61 82 153
2142 4 90 60 154
2143 84 55 15 154
2144 85 60 9 154
2145 11 68 75 154
2146 21 45 88 154
2147 44 92 18 154
2148 43 40 71 154
2149 71 79 4 154
2150 63 53 38 154
2151 52 96 6 154
2152 35 72 47 154
2153 16 84 54 154
2154 28 92 34 154
2155 69 71 14 154
2156 35 92 27 154
2157 11 45 98 154
2158 17 68 69 154
2159 87 37 30 154
2160 25 44 85 154
2161 68 52 34 154
2162 81 43 30 154
2163 31 80 43 154
2164 37 82 35 154
2165 25 71 58 154
2166 36 85 33 154
2167 87 29 38 154
2168 84 19 51 154
2169 84 20 50 154
2170 13 63 78 154
2171 2 60 92 154
2172 24 65 65 154
2173 84 36 34 154
2174 77 46 32 155
2175 54 48 53 155
2176 59 6 90 155
2177 36 32 87 155
2178 57 78 20 155
2179 39 89 27 155
2180 82 7 66 155
2181 57 90 8 155
2182 84 54 17 155
2183 19 84 52 155
2184 79 74 2 155
2185 36 75 44 155
2186 20 52 83 155
2187 66 81 8 155
2188 18 51 86 155
2189 7 79 69 155
2190 27 52 77 156
2191 39 51 66 156
2192 3 98 55 156
2193 34 47 75 156
2194 67 50 39 156
2195 59 64 33 156
2196 61 17 78 156
2197 50 30 76 156
2198 67 67 22 156
2199 45 41 70 156
2200 10 92 54 156
2201 75 2 79 156
2202 56 17 83 156
2203 76 32 48 156
2204 82 46 28 156
2205 79 74 3 156
2206 39 29 88 156
2207 94 12 50 156
2208 22 98 36 156
2209 85 19 52 156
2210 50 51 55 156
2211 93 53 10 156
2212 26 98 32 156
2213 30 53 73 156
2214 83 7 66 156
2215 35 87 34 156
2216 63 38 55 156
2217 85 27 44 156
2218 7 88 61 156
2219 62 16 78 156
2220 74 51 31 156
2221 84 52 20 156
2222 85 28 43 156
2223 75 51 31 157
2224 49 96 12 157
2225 30 94 33 157
2226 48 91 18 157
2227 36 48 73 157
2228 60 56 41 157
2229 39 84 34 157
2230 8 70 79 157
2231 1 90 66 157
2232 51 42 64 157
2233 69 81 7 157
2234 26 64 67 157
2235 21 62 74 157
2236 52 88 17 157
2237 68 15 74 157
2238 64 80 13 157
2239 78 45 34 157
2240 69 30 58 157
2241 24 63 70 157
2242 91 17 49 157
2243 34 36 87 157
2244 81 74 2 157
2245 96 10 51 157
2246 70 39 48 157
2247 85 70 2 157
2248 61 85 11 157
2249 38 82 37 157
2250 39 95 23 157
2251 22 48 87 157
2252 30 77 50 157
2253 44 25 88 157
2254 68 21 68 157
2255 52 12 93 157
2256 87 66 4 157
2257 68 41 48 157
2258 77 76 4 157
2259 36 50 71 157
2260 21 67 69 157
2261 39 68 50 157
2262 4 75 78 157
2263 75 15 67 157
2264 74 36 48 158
2265 11 60 87 158
2266 66 63 29 158
2267 14 47 97 158
2268 74 57 27 158
2269 68 25 65 158
2270 44 63 51 158
2271 67 79 12 158
2272 56 42 60 158
2273 58 19 81 158
2274 94 15 49 158
2275 26 89 43 158
2276 45 66 47 158
2277 21 85 52 158
2278 29 44 85 158
2279 12 55 91 158
2280 55 40 63 158
2281 58 88 12 158
2282 98 43 17 158
2283 64 81 13 158
2284 62 13 83 158
2285 17 57 84 158
2286 39 56 63 158
2287 2 79 77 158
2288 30 93 35 158
2289 52 25 81 158
2290 40 87 31 158
2291 20 48 90 158
2292 35 36 87 158
2293 6 60 93 159
2294 75 9 75 159
2295 56 34 69 159
2296 62 19 78 159
2297 81 28 50 159
2298 9 54 96 159
2299 10 58 91 159
2300 80 3 76 159
2301 37 59 63 159
2302 1 84 74 159
2303 92 48 19 159
2304 87 19 53 159
2305 42 61 56 159
2306 43 69 47 159
2307 23 73 63 159
2308 46 53 60 159
2309 39 49 71 159
2310 23 43 93 159
2311 33 51 75 159
2312 93 5 61 159
2313 52 70 37 159
2314 88 64 7 159
2315 31 93 35 159
2316 72 33 54 159
2317 66 77 16 159
2318 22 95 42 159
2319 12 94 53 159
2320 98 46 15 159
2321 70 29 60 159
2322 66 60 33 159
2323 70 88 1 159
2324 64 62 33 159
2325 16 66 77 159
2326 48 74 37 159
2327 58 35 66 159
2328 48 95 17 160
2329 51 52 57 160
2330 81 5 74 160
2331 51 29 80 160
2332 61 42 57 160
2333 90 12 58 160
2334 74 60 26 160
2335 15 97 48 160
2336 25 72 63 160
2337 65 14 81 160
2338 41 92 27 160
2339 40 85 35 160
2340 14 97 49 160
2341 22 49 89 160
2342 34 90 36 160
2343 54 9 97 160
2344 41 70 49 160
2345 69 77 14 160
2346 72 48 40 160
2347 12 68 80 160
2348 55 26 79 160
2349 25 62 73 160
2350 97 17 46 160
2351 26 44 90 160
2352 23 60 77 160
2353 94 12 54 160
2354 32 35 93 160
2355 62 23 75 160
2356 61 82 17 160
2357 18 89 53 160
2358 29 79 52 160
2359 36 39 85 160
2360 51 43 67 161
2361 40 62 59 161
2362 16 53 92 161
2363 55 21 85 161
2364 52 77 32 161
2365 57 33 71 161
2366 2 66 93 161
2367 98 17 46 161
2368 37 66 58 161
2369 63 25 73 161
2370 42 78 41 161
2371 91 11 59 161
2372 10 94 57 161
2373 79 77 5 161
2374 39 66 56 161
2375 49 61 51 161
2376 87 10 64 161
2377 76 84 1 161
2378 22 52 87 161
2379 91 59 11 161
2380 73 80 8 161
2381 77 33 51 161
2382 49 95 17 161
2383 90 58 13 161
2384 52 80 29 161
2385 53 73 35 161
2386 90 35 36 161
2387 77 16 68 161
2388 68 79 14 161
2389 83 65 13 161
2390 89 27 45 161
2391 93 67 1 161
2392 61 41 60 162
2393 35 29 98 162
2394 11 59 92 162
2395 65 66 31 162
2396 51 31 80 162
2397 14 62 86 162
2398 85 31 46 162
2399 82 33 47 162
2400 37 65 60 162
2401 63 89 10 162
2402 80 5 77 162
2403 31 82 49 162
2404 24 71 67 162
2405 84 28 50 162
2406 60 60 42 162
2407 69 67 26 162
2408 96 45 21 162
2409 62 48 52 162
2410 79 15 68 162
2411 48 34 80 162
2412 9 87 66 162
2413 62 76 24 162
2414 93 45 25 163
2415 26 66 71 163
2416 32 47 84 163
2417 25 48 90 163
2418 84 60 19 163
2419 65 96 2 163
2420 9 80 74 163
2421 61 81 21 163
2422 19 79 65 163
2423 86 24 53 163
2424 64 83 16 163
2425 69 12 82 163
2426 31 80 52 163
2427 94 36 33 163
2428 45 78 40 163
2429 92 50 21 163
2430 32 52 79 163
2431 57 56 50 163
2432 54 16 93 163
2433 98 58 7 163
2434 18 49 96 163
2435 81 25 57 163
2436 50 59 54 163
2437 48 35 80 163
2438 74 42 47 163
2439 76 36 51 163
2440 50 28 85 163
2441 33 39 91 163
2442 93 6 64 163
2443 95 62 6 163
2444 58 67 38 163
2445 36 67 60 163
2446 14 58 92 164
2447 75 67 22 164
2448 10 71 83 164
2449 89 48 27 164
2450 39 57 68 164
2451 67 87 10 164
2452 68 88 8 164
2453 71 60 33 164
2454 56 15 93 164
2455 39 28 97 164
2456 27 87 50 164
2457 88 28 48 164
2458 86 20 58 164
2459 21 91 52 164
2460 65 28 71 164
2461 94 11 59 164
2462 51 30 83 164
2463 75 17 72 164
2464 83 56 25 164
2465 78 8 78 164
2466 81 6 77 164
2467 52 20 92 164
2468 79 52 33 164
2469 85 54 26 165
2470 72 19 74 165
2471 90 8 67 165
2472 49 39 77 165
2473 91 8 66 165
2474 67 90 8 165
2475 95 15 55 165
2476 91 63 11 165
2477 49 47 69 165
2478 25 87 53 165
2479 12 61 92 165
2480 37 50 78 165
2481 13 65 87 165
2482 54 14 97 165
2483 7 92 66 165
2484 21 59 85 165
2485 21 86 58 165
2486 88 19 58 165
2487 16 77 72 165
2488 67 9 89 165
2489 12 62 91 165
2490 62 66 37 165
2491 47 55 63 165
2492 80 58 27 165
2493 77 53 35 165
2494 45 61 59 165
2495 98 36 31 165
2496 78 4 83 165
2497 15 63 87 165
2498 53 89 24 166
2499 30 84 52 166
2500 54 97 15 166
2501 89 31 46 166
2502 18 52 96 166
2503 93 16 57 166
2504 29 89 48 166
2505 8 71 87 166
2506 47 90 29 166
2507 60 32 74 166
2508 36 58 72 166
2509 60 80 26 166
2510 12 88 66 166
2511 46 47 73 166
2512 44 77 45 166
2513 48 70 48 166
2514 70 90 6 166
2515 47 81 38 166
2516 87 56 23 166
2517 39 91 36 166
2518 54 46 66 166
2519 63 68 35 166
2520 89 38 39 166
2521 83 21 62 166
2522 98 9 59 166
2523 60 43 63 166
2524 63 58 45 166
2525 30 79 57 166
2526 38 59 69 166
2527 83 51 32 166
2528 97 19 51 167
2529 94 72 1 167
2530 29 72 66 167
2531 14 74 79 167
2532 65 57 45 167
2533 98 2 67 167
2534 13 88 66 167
2535 88 76 3 167
2536 49 92 26 167
2537 68 5 94 167
2538 26 51 90 167
2539 23 77 67 167
2540 78 66 23 167
2541 98 38 31 167
2542 8 61 98 167
2543 31 66 70 167
2544 88 20 59 167
2545 93 58 16 167
2546 70 76 21 167
2547 59 72 36 167
2548 82 48 37 167
2549 62 65 40 167
2550 53 52 62 167
2551 44 44 79 167
2552 75 45 47 167
2553 90 31 46 167
2554 8 75 84 167
2555 20 50 97 167
2556 8 80 80 168
2557 86 57 25 168
2558 22 65 81 168
2559 63 87 18 168
2560 9 92 67 168
2561 78 44 46 168
2562 63 93 12 168
2563 15 58 95 168
2564 77 78 13 168
2565 72 54 42 168
2566 86 3 79 168
2567 60 50 58 168
2568 74 85 9 168
2569 62 43 63 168
2570 94 12 62 168
2571 39 77 52 168
2572 94 7 67 168
2573 73 11 84 168
2574 17 80 71 168
2575 33 83 52 168
2576 54 73 41 168
2577 23 55 90 168
2578 3 67 98 168
2579 92 20 56 168
2580 41 94 33 168
2581 80 87 1 168
2582 25 69 74 168
2583 75 61 32 168
2584 89 2 77 168
2585 46 82 40 168
2586 82 80 6 168
2587 69 4 95 168
2588 39 74 55 168
2589 24 73 71 168
2590 71 13 84 168
2591 69 15 85 169
2592 92 2 75 169
2593 1 76 92 169
2594 80 17 72 169
2595 70 58 41 169
2596 38 67 64 169
2597 31 63 75 169
2598 68 44 57 169
2599 85 81 3 169
2600 79 14 76 169
2601 26 71 72 169
2602 46 63 60 169
2603 58 94 17 169
2604 65 12 92 169
2605 9 93 67 169
2606 54 69 46 169
2607 74 67 28 169
2608 57 66 46 169
2609 70 63 36 169
2610 90 32 47 169
2611 98 53 18 169
2612 71 62 36 169
2613 67 19 83 169
2614 95 72 2 169
2615 67 54 48 169
2616 76 85 8 169
2617 56 35 78 169
2618 41 67 61 169
2619 30 74 65 169
2620 59 95 15 169
2621 15 96 58 169
2622 59 17 93 169
2623 61 56 53 170
2624 68 27 75 170
2625 63 42 65 170
2626 76 93 1 170
2627 79 12 79 170
2628 20 81 69 170
2629 23 56 91 170
2630 39 71 60 170
2631 27 91 52 170
2632 55 76 39 170
2633 55 32 83 170
2634 52 73 45 170
2635 3 82 85 170
2636 92 47 31 170
2637 93 5 72 170
2638 61 83 26 170
2639 52 94 24 170
2640 23 59 88 170
2641 80 14 76 170
2642 55 70 45 170
2643 97 14 59 170
2644 85 5 80 170
2645 52 43 75 170
2646 72 65 33 170
2647 64 80 26 170
2648 70 27 73 170
2649 81 74 15 170
2650 79 60 31 170
2651 51 89 30 170
2652 95 48 27 170
2653 16 72 83 171
2654 84 74 13 171
2655 78 32 61 171
2656 43 48 80 171
2657 27 69 75 171
2658 59 15 97 171
2659 86 27 58 171
2660 29 66 76 171
2661 43 35 93 171
2662 1 79 91 171
2663 69 19 83 171
2664 33 95 43 171
2665 89 8 74 171
2666 44 79 48 171
2667 66 52 53 171
2668 89 52 30 171
2669 83 72 16 171
2670 88 78 5 171
2671 50 64 57 171
2672 21 62 88 171
2673 21 81 69 171
2674 19 68 84 171
2675 98 71 2 171
2676 79 33 59 171
2677 95 9 67 171
2678 94 29 48 171
2679 96 53 22 171
2680 40 43 88 171
2681 61 97 13 171
2682 53 78 40 171
2683 37 72 63 172
2684 10 96 66 172
2685 85 33 54 172
2686 34 95 43 172
2687 39 71 62 172
2688 77 74 21 172
2689 79 52 41 172
2690 98 67 7 172
2691 61 13 98 172
2692 55 62 55 172
2693 6 95 71 172
2694 7 89 76 172
2695 73 63 36 172
2696 92 28 52 172
2697 50 62 60 172
2698 22 92 58 172
2699 98 13 61 172
2700 87 74 11 172
2701 18 89 65 172
2702 54 32 86 172
2703 46 58 68 172
2704 93 73 6 172
2705 2 74 96 172
2706 67 73 32 172
2707 52 95 25 172
2708 50 81 41 172
2709 87 3 82 172
2710 50 66 56 172
2711 94 74 4 172
2712 79 31 62 172
2713 70 35 67 172
2714 81 39 52 172
2715 26 67 79 172
2716 51 68 53 172
2717 15 69 88 172
2718 54 61 57 172
2719 31 95 46 172
2720 29 74 70 173
2721 69 97 7 173
2722 71 11 91 173
2723 66 21 86 173
2724 64 94 15 173
2725 58 58 57 173
2726 18 65 90 173
2727 48 98 27 173
2728 93 74 6 173
2729 49 92 32 173
2730 2 93 78 173
2731 62 93 18 173
2732 23 91 59 173
2733 73 70 30 173
2734 37 74 62 173
2735 70 15 88 173
2736 84 15 74 173
2737 77 38 58 173
2738 37 59 77 173
2739 19 75 79 173
2740 66 11 96 173
2741 73 38 62 173
2742 94 13 66 173
2743 38 43 92 173
2744 46 97 30 173
2745 98 70 5 173
2746 34 47 92 173
2747 74 86 13 173
2748 68 66 39 173
2749 29 95 49 173
2750 34 62 77 173
2751 46 76 51 173
2752 73 21 79 173
2753 5 87 81 173
2754 72 32 69 173
2755 82 8 83 173
2756 86 9 79 174
2757 38 87 49 174
2758 95 2 77 174
2759 49 39 86 174
2760 20 71 83 174
2761 42 96 36 174
2762 14 95 65 174
2763 56 92 26 174
2764 49 73 52 174
2765 2 74 98 174
2766 15 63 96 174
2767 17 69 88 174
2768 75 36 63 174
2769 65 12 97 174
2770 20 62 92 174
2771 73 3 98 174
2772 91 35 48 174
2773 98 70 6 174
2774 61 38 75 174
2775 39 42 93 174
2776 29 91 54 174
2777 57 96 21 174
2778 55 80 39 174
2779 70 16 88 174
2780 84 12 78 174
2781 57 19 98 174
2782 43 92 39 174
2783 70 36 68 174
2784 62 15 97 174
2785 45 76 53 174
2786 63 25 87 175
2787 59 85 31 175
2788 48 38 89 175
2789 86 68 21 175
2790 46 35 94 175
2791 68 41 66 175
2792 67 54 54 175
2793 78 19 78 175
2794 36 93 46 175
2795 73 49 53 175
2796 28 64 83 175
2797 28 75 72 175
2798 85 27 63 175
2799 32 52 91 175
2800 54 97 24 175
2801 58 80 37 175
2802 58 96 21 175
2803 64 70 41 175
2804 80 10 85 175
2805 63 86 26 175
2806 33 60 82 175
2807 94 42 39 175
2808 58 94 23 175
2809 36 75 64 175
2810 78 29 68 175
2811 51 56 68 175
2812 67 75 33 175
2813 73 26 76 175
2814 51 90 34 175
2815 93 64 18 175
2816 22 92 61 175
2817 69 63 43 175
2818 68 92 15 175
2819 16 97 63 176
2820 66 46 64 176
2821 13 80 83 176
2822 19 77 80 176
2823 16 98 62 176
2824 58 80 38 176
2825 52 79 45 176
2826 52 84 40 176
2827 21 62 93 176
2828 49 57 70 176
2829 50 59 67 176
2830 14 80 82 176
2831 25 72 79 176
2832 48 90 38 176
2833 71 87 18 176
2834 50 90 36 176
2835 69 11 96 176
2836 37 59 80 176
2837 38 78 60 176
2838 40 93 43 176
2839 30 92 54 176
2840 92 38 46 176
2841 48 47 81 176
2842 6 87 83 176
2843 69 32 75 176
2844 77 32 67 176
2845 43 47 86 176
2846 90 43 43 176
2847 61 46 69 176
2848 62 30 84 176
2849 73 9 94 176
2850 48 47 82 177
2851 61 77 39 177
2852 95 75 7 177
2853 28 92 57 177
2854 90 5 82 177
2855 95 21 61 177
2856 59 67 51 177
2857 62 54 61 177
2858 93 24 60 177
2859 40 84 53 177
2860 73 81 23 177
2861 8 91 78 177
2862 88 81 8 177
2863 81 64 32 177
2864 98 67 12 177
2865 62 19 96 177
2866 44 65 68 177
2867 42 79 56 177
2868 72 16 89 177
2869 87 41 49 177
2870 52 85 40 177
2871 72 90 15 177
2872 73 46 58 177
2873 98 9 70 177
2874 77 78 22 177
2875 27 83 67 177
2876 74 33 70 177
2877 52 83 42 177
2878 79 85 14 178
2879 73 37 68 178
2880 24 61 93 178
2881 97 36 45 178
2882 74 17 87 178
2883 88 77 13 178
2884 65 69 44 178
2885 72 97 9 178
2886 83 60 35 178
2887 75 71 32 178
2888 7 83 88 178
2889 63 63 52 178
2890 97 63 18 178
2891 40 43 95 178
2892 28 70 80 178
2893 48 45 85 178
2894 67 90 21 178
2895 65 87 26 178
2896 34 59 85 178
2897 85 50 43 178
2898 85 29 64 178
2899 20 87 71 178
2900 60 60 58 178
2901 70 23 86 179
2902 88 71 20 179
2903 11 85 83 179
2904 59 89 31 179
2905 59 86 34 179
2906 54 95 30 179
2907 56 73 50 179
2908 31 71 77 179
2909 13 83 83 179
2910 93 29 57 179
2911 69 88 22 179
2912 76 5 98 179
2913 97 64 18 179
2914 61 93 25 179
2915 39 62 78 179
2916 65 59 55 179
2917 77 20 82 179
2918 88 50 41 179
2919 97 60 22 179
2920 41 86 52 179
2921 94 33 52 179
2922 60 62 57 179
2923 75 67 37 179
2924 76 5 98 179
2925 95 10 74 179
2926 19 64 96 179
2927 9 72 98 179
2928 50 57 72 179
2929 22 63 95 180
2930 22 72 86 180
2931 95 47 38 180
2932 29 97 54 180
2933 58 96 26 180
2934 89 21 70 180
2935 79 80 21 180
2936 98 12 70 180
2937 96 32 52 180
2938 3 80 97 180
2939 72 90 18 180
2940 37 75 68 180
2941 3 84 93 180
2942 70 87 23 180
2943 83 56 41 180
2944 67 38 75 180
2945 50 40 90 180
2946 75 42 63 180
2947 64 93 23 180
2948 83 40 57 180
2949 66 49 65 180
2950 75 8 97 180
2951 85 82 13 180
2952 78 48 54 180
2953 30 85 65 180
2954 54 88 38 180
2955 75 98 7 180
2956 97 35 48 180
2957 5 82 94 181
2958 88 44 49 181
2959 82 38 61 181
2960 3 87 91 181
2961 20 73 88 181
2962 73 96 12 181
2963 79 74 28 181
2964 87 67 27 181
2965 55 77 49 181
2966 78 66 37 181
2967 76 12 93 181
2968 82 84 15 181
2969 74 23 84 181
2970 58 60 63 181
2971 85 26 70 181
2972 75 83 23 181
2973 48 54 79 181
2974 62 31 88 181
2975 94 68 19 181
2976 38 45 98 181
2977 94 23 64 181
2978 97 71 13 181
2979 72 95 14 181
2980 82 34 65 181
2981 45 96 41 182
2982 31 86 65 182
2983 77 67 38 182
2984 88 58 36 182
2985 58 34 90 182
2986 79 81 22 182
2987 38 71 73 182
2988 70 97 15 182
2989 69 77 36 182
2990 92 80 10 182
2991 29 62 91 182
2992 54 51 77 182
2993 3 82 97 182
2994 77 98 7 182
2995 96 63 23 182
2996 77 36 69 182
2997 98 20 64 182
2998 67 68 47 182
2999 3 87 92 182
3000 55 75 52 182
3001 4 94 84 182
3002 97 12 73 182
3003 92 33 57 182
3004 66 19 97 182
3005 49 89 44 182
3006 94 76 12 182
3007 74 43 65 182
3008 78 31 73 182
3009 68 19 95 182
3010 92 2 89 183
3011 89 85 9 183
3012 92 67 24 183
3013 40 55 88 183
3014 88 83 12 183
3015 78 21 84 183
3016 73 68 42 183
3017 91 24 68 183
3018 69 51 63 183
3019 50 52 81 183
3020 47 85 51 183
3021 81 54 48 183
3022 52 58 73 183
3023 17 84 82 183
3024 88 15 80 183
3025 86 66 31 183
3026 36 83 64 183
3027 56 86 41 183
3028 83 41 59 183
3029 95 69 19 183
3030 88 84 11 183
3031 96 38 49 183
3032 59 86 38 183
3033 86 71 26 183
3034 60 29 94 183
3035 51 60 72 183
3036 38 97 48 183
3037 84 79 20 183
3038 61 46 77 184
3039 2 96 86 184
3040 28 67 89 184
3041 63 58 63 184
3042 30 88 66 184
3043 32 77 75 184
3044 31 91 62 184
3045 58 71 55 184
3046 89 79 16 184
3047 42 78 64 184
3048 97 15 72 184
3049 61 54 69 184
3050 77 44 63 184
3051 73 16 95 184
3052 60 37 87 184
3053 68 85 31 184
3054 51 69 64 184
3055 67 41 76 184
3056 91 14 79 184
3057 51 63 70 184
3058 55 35 94 184
3059 23 87 74 184
3060 76 53 55 184
3061 82 56 46 184
3062 70 91 23 184
3063 32 80 72 184
3064 66 81 37 184
3065 32 62 90 184
3066 54 52 78 184
3067 12 89 83 184
3068 52 93 39 184
3069 53 72 59 184
3070 64 46 74 184
3071 32 59 93 184
3072 84 10 90 184
3073 57 61 67 185
3074 68 22 95 185
3075 53 97 35 185
3076 15 82 88 185
3077 46 62 77 185
3078 96 25 64 185
3079 64 41 80 185
3080 96 3 86 185
3081 75 36 74 185
3082 16 84 85 185
3083 52 78 55 185
3084 57 36 92 185
3085 42 86 57 185
3086 88 1 96 185
3087 81 19 85 185
3088 90 69 26 185
3089 93 59 33 185
3090 65 60 60 185
3091 84 78 23 185
3092 50 96 39 185
3093 74 21 91 186
3094 43 64 79 186
3095 51 75 60 186
3096 97 27 62 186
3097 53 89 44 186
3098 69 91 26 186
3099 50 42 94 186
3100 86 59 41 186
3101 67 77 42 186
3102 74 82 30 186
3103 88 60 38 186
3104 86 64 36 186
3105 96 73 17 186
3106 94 47 45 186
3107 54 91 41 186
3108 81 25 80 186
3109 94 62 30 186
3110 33 68 85 186
3111 75 48 63 186
3112 36 87 63 186
3113 82 33 72 187
3114 18 83 86 187
3115 85 24 78 187
3116 23 74 90 187
3117 96 8 83 187
3118 44 89 54 187
3119 85 83 19 187
3120 71 79 37 187
3121 56 96 35 187
3122 83 76 28 187
3123 6 88 93 187
3124 70 61 56 187
3125 78 21 88 187
3126 40 77 70 187
3127 38 85 64 187
3128 82 79 26 187
3129 53 64 70 187
3130 24 90 73 187
3131 61 78 48 187
3132 64 55 68 187
3133 72 32 83 187
3134 16 85 86 187
3135 25 70 93 188
3136 50 72 66 188
3137 32 91 65 188
3138 10 86 92 188
3139 34 74 80 188
3140 49 51 88 188
3141 38 93 57 188
3142 77 67 44 188
3143 52 58 78 188
3144 60 71 57 188
3145 98 2 88 188
3146 36 67 85 188
3147 83 23 82 188
3148 93 25 70 188
3149 93 17 78 188
3150 80 33 75 188
3151 94 93 1 188
3152 44 71 73 188
3153 44 65 79 188
3154 55 57 76 188
3155 41 52 95 188
3156 55 85 48 188
3157 62 36 90 188
3158 33 77 78 188
3159 86 92 10 188
3160 14 90 84 188
3161 58 42 88 188
3162 69 64 55 188
3163 79 82 27 188
3164 52 51 86 189
3165 22 80 87 189
3166 74 41 74 189
3167 98 54 37 189
3168 69 63 57 189
3169 56 98 35 189
3170 92 28 69 189
3171 87 19 83 189
3172 87 20 82 189
3173 50 71 68 189
3174 89 80 20 189
3175 89 50 50 189
3176 50 82 57 189
3177 92 7 90 189
3178 85 85 19 189
3179 51 66 72 189
3180 95 75 19 189
3181 64 43 83 190
3182 57 82 51 190
3183 54 57 79 190
3184 53 55 82 190
3185 44 51 95 190
3186 38 95 57 190
3187 29 66 95 190
3188 83 35 72 190
3189 93 33 64 190
3190 71 21 98 190
3191 33 62 95 190
3192 54 52 84 190
3193 63 76 51 190
3194 72 63 55 190
3195 53 56 81 190
3196 88 47 55 190
3197 37 93 60 190
3198 6 97 87 190
3199 78 70 42 190
3200 98 30 62 190
3201 21 73 96 190
3202 91 13 86 190
3203 39 57 95 191
3204 56 90 45 191
3205 64 54 73 191
3206 93 32 66 191
3207 54 46 91 191
3208 19 97 75 191
3209 37 69 85 191
3210 67 86 38 191
3211 75 43 73 191
3212 54 82 55 191
3213 91 26 74 191
3214 68 35 88 191
3215 92 75 24 191
3216 71 95 25 191
3217 97 65 29 191
3218 63 32 96 191
3219 92 45 54 191
3220 54 84 53 191
3221 80 85 26 191
3222 53 60 78 191
3223 62 75 55 192
3224 84 86 22 192
3225 19 93 80 192
3226 11 87 94 192
3227 56 55 81 192
3228 32 88 72 192
3229 73 94 25 192
3230 42 86 64 192
3231 96 44 52 192
3232 67 56 69 192
3233 69 78 45 192
3234 78 61 53 192
3235 72 55 65 192
3236 23 76 93 192
3237 79 15 98 192
3238 52 98 42 192
3239 81 14 97 192
3240 65 96 31 192
3241 88 40 64 192
3242 44 74 74 192
3243 98 25 69 192
3244 84 43 65 192
3245 24 97 72 193
3246 82 69 42 193
3247 42 58 93 193
3248 95 96 2 193
3249 19 96 78 193
3250 97 15 81 193
3251 92 27 74 193
3252 54 41 98 193
3253 78 93 22 193
3254 88 77 28 193
3255 29 69 95 193
3256 72 86 35 193
3257 75 60 58 193
3258 28 92 73 193
3259 44 55 94 193
3260 89 36 68 193
3261 7 90 96 193
3262 75 69 49 193
3263 19 80 94 193
3264 62 85 46 193
3265 72 90 31 193
3266 21 75 98 194
3267 73 79 42 194
3268 74 63 57 194
3269 36 64 94 194
3270 68 51 75 194
3271 68 98 28 194
3272 71 51 72 194
3273 63 35 96 194
3274 79 58 57 194
3275 49 49 96 194
3276 50 59 85 194
3277 28 78 88 194
3278 81 60 53 194
3279 89 38 67 194
3280 27 70 97 194
3281 88 47 59 194
3282 25 94 75 194
3283 84 64 46 194
3284 54 85 55 194
3285 73 50 71 194
3286 74 67 53 194
3287 67 47 80 194
3288 82 69 43 194
3289 60 93 41 194
3290 91 96 7 194
3291 89 85 20 194
3292 95 91 8 194
3293 79 25 90 194
3294 80 17 97 194
3295 85 55 55 195
3296 76 22 97 195
3297 55 46 94 195
3298 43 88 64 195
3299 87 63 45 195
3300 93 28 74 195
3301 45 54 96 195
3302 36 65 94 195
3303 91 38 66 195
3304 50 67 78 195
3305 89 94 12 195
3306 37 63 95 195
3307 96 91 8 195
3308 78 93 24 195
3309 96 77 22 195
3310 75 24 96 195
3311 94 82 19 195
3312 82 73 40 195
3313 11 88 96 195
3314 63 74 58 195
3315 58 83 54 195
3316 66 37 92 195
3317 85 91 19 195
3318 62 45 88 195
3319 79 74 42 195
3320 58 81 56 195
3321 54 53 89 196
3322 59 43 94 196
3323 80 93 23 196
3324 95 57 44 196
3325 82 74 40 196
3326 96 6 94 196
3327 80 56 60 196
3328 70 91 35 196
3329 72 27 97 196
3330 77 80 39 196
3331 76 71 49 196
3332 76 94 26 196
3333 70 46 80 196
3334 77 42 77 196
3335 63 68 65 196
3336 85 41 70 196
3337 75 87 34 196
3338 75 67 54 196
3339 88 19 89 196
3340 84 32 80 196
3341 88 57 51 196
3342 97 78 22 197
3343 72 57 68 197
3344 78 37 82 197
3345 92 57 48 197
3346 69 64 64 197
3347 95 27 75 197
3348 66 85 46 197
3349 25 81 91 197
3350 68 35 94 197
3351 53 48 96 197
3352 57 56 84 197
3353 84 93 20 197
3354 98 39 60 197
3355 69 89 39 197
3356 30 97 70 197
3357 71 43 83 197
3358 55 77 66 198
3359 52 63 83 198
3360 30 76 92 198
3361 95 68 35 198
3362 33 91 74 198
3363 7 97 94 198
3364 83 70 45 198
3365 70 95 33 198
3366 87 54 57 198
3367 64 91 43 198
3368 92 49 57 198
3369 54 92 52 198
3370 36 86 76 198
3371 98 23 77 198
3372 98 4 96 198
3373 94 72 32 198
3374 94 79 25 198
3375 84 42 72 198
3376 6 94 98 198
3377 71 49 78 198
3378 50 53 95 198
3379 60 56 83 199
3380 94 53 52 199
3381 93 19 87 199
3382 59 66 74 199
3383 62 91 46 199
3384 78 30 91 199
3385 18 92 89 199
3386 87 94 18 199
3387 75 32 92 199
3388 58 76 65 199
3389 63 84 52 199
3390 40 94 65 199
3391 67 59 73 199
3392 62 39 98 199
3393 49 57 93 199
3394 82 50 67 199
3395 66 85 48 199
3396 97 8 94 199
3397 52 79 69 200
3398 86 52 62 200
3399 35 73 92 200
3400 88 55 57 200
3401 90 47 63 200
3402 9 95 96 200
3403 98 57 45 200
3404 16 89 95 200
3405 24 81 95 200
3406 67 57 76 200
3407 98 98 4 200
3408 86 43 71 200
3409 55 73 72 200
3410 67 95 38 200
3411 47 80 73 200
3412 89 40 71 200
3413 89 41 70 200
3414 74 33 94 201
3415 23 90 88 201
3416 57 69 75 201
3417 68 91 42 201
3418 57 49 95 201
3419 86 57 58 201
3420 78 78 45 201
3421 83 65 53 201
3422 86 84 31 201
3423 90 13 98 201
3424 50 83 68 201
3425 46 94 61 201
3426 72 83 46 201
3427 58 88 55 201
3428 20 84 97 201
3429 17 98 86 201
3430 88 54 59 201
3431 41 87 73 201
3432 63 92 46 201
3433 59 60 82 201
3434 80 95 26 201
3435 74 52 75 201
3436 24 96 81 201
3437 47 90 64 201
3438 64 58 80 202
3439 53 88 61 202
3440 87 67 48 202
3441 69 92 41 202
3442 58 70 74 202
3443 41 93 68 202
3444 43 63 96 202
3445 52 94 56 202
3446 46 83 73 202
3447 77 87 38 202
3448 27 96 79 202
3449 44 96 62 202
3450 45 93 64 202
3451 97 76 29 202
3452 77 79 46 202
3453 42 87 73 202
3454 40 72 90 202
3455 51 77 74 202
3456 97 17 88 202
3457 95 69 39 203
3458 61 98 44 203
3459 40 92 71 203
3460 15 94 94 203
3461 50 63 90 203
3462 56 69 78 203
3463 32 88 83 203
3464 77 88 38 203
3465 90 80 33 203
3466 55 93 55 203
3467 97 25 81 203
3468 51 78 74 203
3469 61 58 84 203
3470 33 76 94 203
3471 60 57 86 203
3472 86 95 22 203
3473 67 57 79 203
3474 78 56 69 203
3475 62 85 56 203
3476 62 61 80 203
3477 62 48 93 203
3478 56 56 91 203
3479 98 68 37 203
3480 91 97 15 203
3481 97 60 46 203
3482 55 77 71 203
3483 76 46 82 204
3484 84 23 97 204
3485 20 93 91 204
3486 60 84 60 204
3487 43 71 90 204
3488 48 95 61 204
3489 90 86 28 204
3490 38 73 93 204
3491 63 70 71 204
3492 65 45 94 204
3493 57 82 65 204
3494 86 20 98 204
3495 36 85 83 204
3496 88 97 19 204
3497 98 83 23 204
3498 57 90 57 204
3499 61 50 94 205
3500 17 97 91 205
3501 96 76 33 205
3502 57 57 91 205
3503 82 88 35 205
3504 95 63 47 205
3505 93 51 61 205
3506 94 71 40 205
3507 89 63 53 205
3508 67 52 86 205
3509 89 49 67 205
3510 71 82 52 205
3511 84 61 60 205
3512 43 85 78 206
3513 79 66 61 206
3514 59 50 97 206
3515 96 78 32 206
3516 70 81 55 206
3517 45 74 87 206
3518 52 84 70 206
3519 75 43 88 206
3520 89 38 79 206
3521 61 79 66 206
3522 93 21 92 206
3523 66 88 52 206
3524 62 50 94 206
3525 68 85 53 206
3526 77 60 69 206
3527 82 83 41 206
3528 90 36 80 206
3529 21 97 89 207
3530 80 66 61 207
3531 95 50 62 207
3532 49 69 89 207
3533 77 74 56 207
3534 82 69 56 207
3535 62 97 48 207
3536 97 74 36 207
3537 60 85 62 207
3538 77 57 73 207
3539 36 94 77 207
3540 69 78 60 207
3541 74 78 55 207
3542 78 56 73 207
3543 64 59 84 207
3544 45 76 86 207
3545 87 63 57 207
3546 75 57 75 207
3547 97 15 95 207
3548 69 89 49 207
3549 24 86 97 207
3550 90 59 58 207
3551 79 89 39 207
3552 97 39 72 208
3553 92 91 25 208
3554 97 54 57 208
3555 97 36 75 208
3556 37 82 89 208
3557 70 88 50 208
3558 91 98 19 208
3559 57 82 69 208
3560 56 79 73 208
3561 88 62 58 208
3562 62 81 65 208
3563 86 37 85 208
3564 51 80 77 208
3565 83 56 69 208
3566 78 32 98 208
3567 80 44 84 208
3568 98 83 28 209
3569 94 17 98 209
3570 88 74 47 209
3571 98 20 91 209
3572 81 46 82 209
3573 69 77 63 209
3574 80 35 94 209
3575 69 79 61 209
3576 40 93 76 209
3577 88 44 77 209
3578 78 75 56 209
3579 95 71 43 209
3580 93 21 95 209
3581 39 83 87 209
3582 85 73 51 209
3583 80 75 55 210
3584 95 67 48 210
3585 93 21 96 210
3586 83 91 36 210
3587 90 39 81 210
3588 41 79 90 210
3589 54 98 58 210
3590 73 79 58 210
3591 74 77 59 210
3592 81 57 72 210
3593 93 31 86 210
3594 92 71 48 211
3595 71 44 96 211
3596 69 51 91 211
3597 98 48 65 211
3598 82 90 39 211
3599 62 60 89 211
3600 90 59 62 211
3601 89 28 94 211
3602 61 74 76 211
3603 74 84 53 211
3604 66 88 57 211
3605 73 47 91 211
3606 93 28 90 211
3607 59 57 95 211
3608 87 63 61 211
3609 72 96 43 211
3610 76 84 52 212
3611 92 69 51 212
3612 87 92 33 212
3613 76 95 41 212
3614 42 92 78 212
3615 91 78 43 212
3616 71 73 68 212
3617 64 62 86 212
3618 96 84 32 212
3619 86 33 93 212
3620 97 48 67 212
3621 61 92 59 212
3622 76 42 94 212
3623 72 84 57 213
3624 76 67 70 213
3625 93 62 58 213
3626 97 66 50 213
3627 72 59 82 213
3628 76 84 53 213
3629 93 84 36 213
3630 72 74 67 213
3631 95 52 66 213
3632 64 54 95 213
3633 74 63 76 213
3634 83 77 53 213
3635 92 75 46 213
3636 83 71 59 213
3637 51 95 67 213
3638 79 68 67 214
3639 74 92 48 214
3640 76 81 57 214
3641 49 88 77 214
3642 36 93 85 214
3643 63 70 81 214
3644 33 91 90 214
3645 78 86 50 214
3646 66 77 71 214
3647 98 66 50 214
3648 95 73 46 214
3649 98 85 31 214
3650 84 60 70 214
3651 88 85 41 214
3652 59 67 88 214
3653 80 61 73 214
3654 85 52 77 214
3655 90 98 26 214
3656 71 52 91 214
3657 86 81 47 214
3658 36 98 80 214
3659 85 58 72 215
3660 57 97 61 215
3661 57 88 70 215
3662 65 72 78 215
3663 75 98 42 215
3664 49 86 80 215
3665 54 70 91 215
3666 43 90 82 215
3667 91 61 63 215
3668 65 53 97 215
3669 71 79 65 215
3670 97 29 89 215
3671 89 49 77 215
3672 90 95 30 215
3673 90 92 33 215
3674 63 58 95 216
3675 52 74 90 216
3676 97 59 60 216
3677 89 85 42 216
3678 93 68 55 216
3679 75 85 56 216
3680 79 52 85 216
3681 76 95 45 216
3682 54 78 84 216
3683 73 90 53 216
3684 82 50 84 216
3685 88 90 38 216
3686 87 35 95 217
3687 69 63 85 217
3688 49 83 85 217
3689 93 78 46 217
3690 43 88 86 217
3691 40 86 91 217
3692 69 96 52 217
3693 62 79 76 217
3694 89 69 59 217
3695 64 70 83 217
3696 71 65 81 217
3697 98 89 30 217
3698 86 34 97 217
3699 92 29 96 217
3700 68 91 58 217
3701 96 35 86 217
3702 44 82 91 217
3703 82 85 51 218
3704 93 54 71 218
3705 93 95 30 218
3706 93 68 57 218
3707 48 88 82 218
3708 25 96 97 218
3709 81 55 82 218
3710 40 85 93 218
3711 78 42 98 218
3712 90 47 81 218
3713 61 72 85 218
3714 78 53 87 218
3715 51 82 85 218
3716 95 78 45 218
3717 48 93 77 218
3718 68 73 77 218
3719 63 58 97 218
3720 73 89 57 219
3721 70 53 96 219
3722 92 86 41 219
3723 83 94 42 219
3724 36 91 92 219
3725 59 73 87 219
3726 66 79 74 219
3727 91 78 50 219
3728 87 38 94 219
3729 68 79 72 219
3730 75 89 56 220
3731 37 89 94 220
3732 64 86 70 220
3733 65 95 60 220
3734 88 64 68 220
3735 80 49 92 221
3736 67 90 64 221
3737 80 44 97 221
3738 53 75 93 221
3739 80 55 86 221
3740 76 79 66 221
3741 74 71 76 221
3742 68 63 90 221
3743 76 83 62 221
3744 95 28 98 221
3745 45 85 91 221
3746 61 95 65 221
3747 62 84 75 221
3748 77 82 63 222
3749 52 78 92 222
3750 80 60 82 222
3751 83 91 48 222
3752 66 60 96 222
3753 91 83 48 222
3754 83 65 74 222
3755 87 97 38 222
3756 31 94 97 222
3757 89 96 37 222
3758 90 60 73 223
3759 85 52 86 223
3760 93 67 63 223
3761 94 57 72 223
3762 94 55 74 223
3763 75 54 94 223
3764 86 53 84 223
3765 55 85 83 223
3766 73 67 83 223
3767 59 69 95 223
3768 98 33 92 223
3769 74 75 74 223
3770 85 70 68 223
3771 87 63 73 223
3772 91 37 96 224
3773 73 81 70 224
3774 55 72 97 224
3775 74 67 83 224
3776 86 68 70 224
3777 66 63 95 224
3778 76 57 92 225
3779 52 90 83 225
3780 75 87 63 225
3781 72 76 77 225
3782 92 76 57 225
3783 96 63 66 225
3784 83 45 97 225
3785 60 80 85 225
3786 84 54 87 225
3787 36 92 97 225
3788 74 94 58 226
3789 67 81 78 226
3790 72 81 73 226
3791 73 92 61 226
3792 40 98 88 226
3793 69 77 80 226
3794 53 93 80 226
3795 80 56 90 226
3796 82 85 60 227
3797 82 97 48 227
3798 74 77 76 227
3799 76 93 58 227
3800 86 84 57 227
3801 97 88 42 227
3802 50 82 95 227
3803 70 72 85 227
3804 67 88 73 228
3805 97 49 82 228
3806 84 81 63 228
3807 88 79 61 228
3808 56 84 88 228
3809 89 62 77 228
3810 97 59 72 228
3811 84 81 64 229
3812 85 49 95 229
3813 65 77 87 229
3814 62 72 95 229
3815 74 86 69 229
3816 82 96 52 230
3817 71 76 83 230
3818 97 54 79 230
3819 73 90 67 230
3820 62 94 74 230
3821 79 73 78 230
3822 77 81 72 230
3823 73 76 81 230
3824 60 75 95 230
3825 95 49 87 231
3826 67 79 85 231
3827 52 83 96 231
3828 81 91 59 231
3829 79 73 79 231
3830 98 37 96 231
3831 96 75 60 231
3832 88 54 89 231
3833 79 79 74 232
3834 93 93 46 232
3835 75 91 66 232
3836 65 70 97 232
3837 61 98 73 232
3838 80 97 56 233
3839 77 77 79 233
3840 97 70 66 233
3841 84 69 80 233
3842 69 85 79 233
3843 73 85 75 233
3844 97 40 96 233
3845 56 83 94 233
3846 46 89 98 233
3847 88 73 72 233
3848 88 69 76 233
3849 87 77 70 234
3850 66 81 87 234
3851 82 84 68 234
3852 87 93 54 234
3853 82 62 90 234
3854 61 96 77 234
3855 90 72 72 234
3856 62 93 79 234
3857 68 97 69 234
3858 98 45 91 234
3859 64 98 73 235
3860 67 90 78 235
3861 88 68 79 235
3862 98 87 50 235
3863 84 72 79 235
3864 58 89 89 236
3865 97 50 89 236
3866 93 47 96 236
3867 93 72 71 236
3868 68 72 96 236
3869 90 74 72 236
3870 51 98 88 237
3871 73 86 78 237
3872 84 74 79 237
3873 57 93 88 238
3874 84 87 67 238
3875 52 90 96 238
3876 96 92 50 238
3877 81 62 95 238
3878 71 73 94 238
3879 95 52 91 238
3880 98 53 88 239
3881 92 83 64 239
3882 92 56 91 239
3883 77 97 65 239
3884 94 50 95 239
3885 57 89 93 239
3886 81 90 68 239
3887 74 79 86 239
3888 77 73 90 240
3889 97 50 93 240
3890 95 74 71 240
3891 78 82 80 240
3892 89 80 71 240
3893 91 95 54 240
3894 80 64 97 241
3895 72 78 91 241
3896 70 84 87 241
3897 79 65 97 241
3898 61 84 96 241
3899 87 95 59 241
3900 66 92 83 241
3901 94 81 66 241
3902 86 97 59 242
3903 88 93 61 242
3904 98 80 64 242
3905 86 59 97 242
3906 85 71 87 243
3907 57 89 97 243
3908 61 96 86 243
3909 98 51 94 243
3910 56 94 93 243
3911 94 78 71 243
3912 63 82 98 243
3913 82 67 94 243
3914 83 90 71 244
3915 77 83 84 244
3916 59 97 88 244
3917 82 83 80 245
3918 83 71 91 245
3919 95 98 52 245
3920 82 93 70 245
3921 88 67 91 246
3922 73 86 87 246
3923 76 88 82 246
3924 69 94 83 246
3925 93 84 70 247
3926 87 70 90 247
3927 68 95 84 247
3928 78 82 87 247
3929 64 94 89 247
3930 59 98 91 248
3931 90 69 89 248
3932 84 98 66 248
3933 74 91 83 248
3934 73 82 93 248
3935 81 77 90 248
3936 95 65 89 249
3937 72 96 81 249
3938 74 88 87 249
3939 81 98 70 249
3940 94 92 63 249
3941 95 85 70 250
3942 95 86 69 250
3943 86 88 76 250
3944 86 84 80 250
3945 56 98 96 250
3946 92 66 92 250
3947 89 75 87 251
3948 83 95 73 251
3949 73 85 93 251
3950 84 73 95 252
3951 79 87 86 252
3952 89 87 76 252
3953 91 69 92 252
3954 96 64 93 253
3955 80 87 86 253
3956 97 92 64 253
3957 78 86 89 253
3958 64 98 91 253
3959 94 89 70 253
3960 88 93 72 253
3961 84 96 75 255
3962 77 98 80 255
3963 98 72 86 256
3964 75 96 85 256
3965 71 88 97 256
3966 79 97 81 257
3967 96 95 66 257
3968 71 98 89 258
3969 76 90 92 258
3970 82 82 94 258
3971 95 67 96 258
3972 86 83 89 258
3973 97 97 64 258
3974 98 69 92 259
3975 96 79 84 259
3976 88 90 82 260
3977 90 79 91 260
3978 92 72 97 261
3979 72 94 95 261
3980 75 89 98 262
3981 94 73 95 262
3982 92 72 98 262
3983 95 89 79 263
3984 89 78 96 263
3985 90 98 76 264
3986 97 84 85 266
3987 95 87 84 266
3988 95 74 98 267
3989 98 98 72 268
3990 82 97 90 269
3991 80 95 97 272
3992 84 92 97 273
3993 92 85 96 273
3994 94 94 87 275
3995 97 86 92 275
3996 85 94 97 276
3997 82 97 97 276
3998 85 98 94 277
3999 89 96 96 281
4000 96 96 89 281

Sorting complete. Time taken: 1.244303 seconds