1 4 14 1 19
2 14 1 7 22
3 2 16 5 23
4 5 5 16 26
5 8 15 6 29
6 11 18 2 31
7 1 30 1 32
8 12 13 9 34
9 7 7 21 35
10 10 17 9 36
11 12 12 12 36
12 31 4 1 36
13 9 21 6 36
14 15 6 15 36
15 20 10 7 37
16 21 15 1 37
17 25 5 9 39
18 1 25 13 39
19 5 22 15 42
20 29 7 7 43
21 13 3 29 45
22 9 32 4 45
23 30 6 9 45
24 23 3 20 46
25 16 7 23 46
26 9 37 1 47
27 9 31 7 47
28 9 24 16 49
29 21 23 7 51
30 2 34 15 51
31 27 3 22 52
32 21 27 5 53
33 17 27 9 53
34 22 32 1 55
35 25 27 5 57
36 34 10 14 58
37 30 15 14 59
38 5 48 7 60
39 39 11 10 60
40 14 3 43 60
41 55 2 4 61
42 9 4 48 61
43 1 10 50 61
44 12 34 15 61
45 9 30 23 62
46 36 19 7 62
47 9 41 13 63
48 11 42 10 63
49 36 22 6 64
50 41 2 21 64
51 26 38 1 65
52 18 38 9 65
53 25 27 14 66
54 7 9 52 68
55 15 5 48 68
56 15 45 8 68
57 22 39 8 69
58 13 55 1 69
59 2 38 30 70
60 23 7 40 70
61 25 40 5 70
62 24 25 21 70
63 65 3 3 71
64 44 9 20 73
65 43 1 29 73
66 59 11 3 73
67 11 45 17 73
68 54 15 5 74
69 22 44 8 74
70 40 17 17 74
71 19 41 15 75
72 17 52 6 75
73 56 12 7 75
74 13 30 32 75
75 35 18 23 76
76 19 45 13 77
77 2 71 4 77
78 41 30 7 78
79 34 30 14 78
80 25 6 47 78
81 19 30 29 78
82 22 9 48 79
83 15 42 23 80
84 46 3 31 80
85 35 1 44 80
86 25 35 20 80
87 7 64 9 80
88 21 10 50 81
89 31 36 14 81
90 41 19 21 81
91 7 27 47 81
92 5 17 59 81
93 38 39 5 82
94 18 38 26 82
95 63 1 18 82
96 34 23 25 82
97 36 3 43 82
98 14 31 38 83
99 23 57 3 83
100 51 32 1 84
101 31 16 37 84
102 50 25 9 84
103 15 64 5 84
104 55 25 5 85
105 44 39 2 85
106 46 38 1 85
107 48 7 30 85
108 28 37 21 86
109 14 45 27 86
110 36 28 22 86
111 2 35 49 86
112 56 1 29 86
113 16 9 61 86
114 81 5 1 87
115 12 9 67 88
116 10 57 21 88
117 32 44 12 88
118 22 51 16 89
119 7 53 30 90
120 22 16 52 90
121 61 23 6 90
122 22 19 49 90
123 11 19 60 90
124 27 2 62 91
125 12 1 79 92
126 3 78 11 92
127 4 63 25 92
128 37 18 37 92
129 29 23 40 92
130 22 32 39 93
131 2 4 87 93
132 43 47 3 93
133 48 28 17 93
134 13 35 45 93
135 55 15 24 94
136 26 29 39 94
137 35 53 6 94
138 26 52 16 94
139 30 2 62 94
140 70 18 6 94
141 29 18 48 95
142 45 20 30 95
143 49 16 30 95
144 65 22 8 95
145 2 20 73 95
146 17 1 77 95
147 55 9 32 96
148 35 9 52 96
149 9 86 1 96
150 3 86 7 96
151 18 57 21 96
152 28 25 43 96
153 35 22 39 96
154 89 1 6 96
155 37 37 22 96
156 12 31 53 96
157 41 15 41 97
158 38 20 39 97
159 15 46 36 97
160 68 11 18 97
161 9 64 24 97
162 2 88 7 97
163 71 11 15 97
164 21 47 29 97
165 19 55 24 98
166 23 28 47 98
167 6 80 12 98
168 38 15 45 98
169 10 31 57 98
170 17 69 12 98
171 2 3 94 99
172 18 3 78 99
173 52 44 3 99
174 28 34 37 99
175 34 37 28 99
176 88 7 4 99
177 29 58 13 100
178 19 16 65 100
179 32 3 65 100
180 66 18 16 100
181 1 40 59 100
182 59 22 20 101
183 27 29 45 101
184 31 36 34 101
185 20 22 60 102
186 7 13 82 102
187 26 19 57 102
188 17 40 45 102
189 18 56 28 102
190 60 30 12 102
191 20 4 78 102
192 16 55 31 102
193 37 32 33 102
194 70 11 22 103
195 84 13 6 103
196 28 72 3 103
197 27 9 67 103
198 23 51 29 103
199 56 9 38 103
200 32 64 7 103
201 32 23 48 103
202 53 2 48 103
203 55 14 35 104
204 37 51 16 104
205 52 41 11 104
206 16 28 60 104
207 59 36 9 104
208 24 75 5 104
209 31 5 68 104
210 53 2 49 104
211 39 24 41 104
212 59 14 32 105
213 10 17 78 105
214 20 25 60 105
215 8 61 37 106
216 77 18 11 106
217 28 64 14 106
218 13 55 38 106
219 27 74 6 107
220 15 24 68 107
221 1 22 84 107
222 4 63 40 107
223 51 4 52 107
224 14 64 30 108
225 71 5 32 108
226 55 41 12 108
227 14 3 91 108
228 65 17 27 109
229 23 52 34 109
230 32 45 32 109
231 78 26 5 109
232 38 5 66 109
233 52 40 17 109
234 56 43 10 109
235 40 10 59 109
236 40 60 9 109
237 6 25 79 110
238 48 21 41 110
239 45 5 60 110
240 53 45 12 110
241 49 56 5 110
242 7 23 80 110
243 21 22 67 110
244 68 32 10 110
245 8 55 47 110
246 42 23 45 110
247 13 65 33 111
248 40 29 42 111
249 34 69 8 111
250 10 82 19 111
251 11 41 59 111
252 1 48 63 112
253 10 48 54 112
254 10 44 58 112
255 43 31 38 112
256 59 20 33 112
257 44 29 39 112
258 42 60 11 113
259 40 56 17 113
260 22 61 30 113
261 7 77 29 113
262 5 55 53 113
263 71 27 15 113
264 58 41 14 113
265 25 75 13 113
266 65 47 1 113
267 22 85 6 113
268 46 26 41 113
269 20 73 21 114
270 49 63 2 114
271 17 24 73 114
272 15 28 72 115
273 21 67 27 115
274 77 15 23 115
275 3 71 41 115
276 8 38 69 115
277 12 90 13 115
278 44 19 52 115
279 21 34 60 115
280 33 68 14 115
281 40 65 10 115
282 27 46 42 115
283 10 83 22 115
284 13 27 75 115
285 58 47 11 116
286 40 26 50 116
287 27 64 25 116
288 46 49 21 116
289 11 65 40 116
290 13 64 39 116
291 70 41 6 117
292 46 51 20 117
293 49 43 25 117
294 6 29 82 117
295 19 35 63 117
296 90 15 12 117
297 15 71 31 117
298 94 3 21 118
299 67 7 44 118
300 49 56 13 118
301 71 27 20 118
302 31 26 61 118
303 57 33 28 118
304 24 75 19 118
305 72 13 34 119
306 48 3 68 119
307 58 21 40 119
308 37 71 11 119
309 47 52 20 119
310 45 53 21 119
311 52 7 61 120
312 40 6 74 120
313 48 7 66 121
314 40 50 31 121
315 71 9 41 121
316 5 26 90 121
317 65 4 52 121
318 25 77 19 121
319 80 14 28 122
320 25 52 45 122
321 49 44 29 122
322 31 23 68 122
323 52 40 30 122
324 74 8 40 122
325 54 59 10 123
326 47 70 6 123
327 95 9 19 123
328 11 29 83 123
329 53 13 57 123
330 27 62 35 124
331 83 7 34 124
332 20 40 64 124
333 63 1 60 124
334 60 36 28 124
335 59 56 9 124
336 25 6 93 124
337 39 65 20 124
338 24 4 97 125
339 85 4 36 125
340 26 91 8 125
341 95 13 17 125
342 61 38 26 125
343 65 42 18 125
344 55 14 56 125
345 54 12 59 125
346 30 21 75 126
347 51 50 25 126
348 41 74 11 126
349 16 18 92 126
350 66 8 52 126
351 72 23 31 126
352 38 9 79 126
353 10 95 22 127
354 35 44 48 127
355 20 44 63 127
356 47 34 46 127
357 16 93 18 127
358 14 72 41 127
359 27 18 82 127
360 24 6 97 127
361 30 8 89 127
362 38 44 45 127
363 59 6 63 128
364 33 79 16 128
365 52 35 41 128
366 65 47 16 128
367 1 62 65 128
368 69 7 52 128
369 12 85 31 128
370 17 79 32 128
371 63 12 53 128
372 35 55 39 129
373 66 60 3 129
374 16 41 72 129
375 8 75 47 130
376 48 50 32 130
377 37 79 14 130
378 21 21 88 130
379 8 59 63 130
380 18 41 71 130
381 5 81 44 130
382 24 77 29 130
383 38 6 86 130
384 88 35 7 130
385 22 48 60 130
386 22 17 91 130
387 46 8 77 131
388 81 1 49 131
389 5 66 60 131
390 15 37 79 131
391 24 45 62 131
392 82 38 11 131
393 22 12 97 131
394 93 19 19 131
395 39 16 77 132
396 91 26 15 132
397 69 23 40 132
398 52 23 57 132
399 15 83 34 132
400 60 9 64 133
401 18 24 91 133
402 65 35 33 133
403 63 1 69 133
404 28 30 75 133
405 7 67 59 133
406 92 9 32 133
407 44 19 70 133
408 26 73 35 134
409 26 51 57 134
410 6 67 61 134
411 56 65 13 134
412 34 95 5 134
413 44 28 62 134
414 47 15 72 134
415 1 35 98 134
416 72 62 1 135
417 59 15 61 135
418 33 10 92 135
419 65 40 30 135
420 93 23 19 135
421 76 14 45 135
422 43 11 81 135
423 18 25 92 135
424 1 89 45 135
425 90 27 18 135
426 65 25 46 136
427 57 73 6 136
428 97 1 38 136
429 74 59 3 136
430 45 44 47 136
431 77 12 48 137
432 80 17 40 137
433 72 36 29 137
434 62 42 33 137
435 79 51 7 137
436 21 22 94 137
437 53 16 68 137
438 14 64 59 137
439 55 68 14 137
440 47 54 36 137
441 60 58 20 138
442 70 6 62 138
443 88 16 34 138
444 65 70 3 138
445 51 26 61 138
446 43 21 74 138
447 95 13 31 139
448 40 69 30 139
449 31 20 88 139
450 19 72 48 139
451 38 81 20 139
452 8 43 88 139
453 69 35 35 139
454 50 55 34 139
455 67 27 45 139
456 30 26 83 139
457 64 55 20 139
458 16 62 62 140
459 32 73 35 140
460 5 48 87 140
461 88 20 32 140
462 10 86 45 141
463 50 16 75 141
464 28 39 74 141
465 32 14 95 141
466 19 69 53 141
467 21 82 38 141
468 35 11 95 141
469 61 51 29 141
470 54 4 84 142
471 7 50 85 142
472 52 86 4 142
473 37 30 75 142
474 61 54 27 142
475 86 50 6 142
476 43 88 12 143
477 74 57 12 143
478 53 17 74 144
479 34 85 25 144
480 94 43 7 144
481 42 89 13 144
482 88 45 11 144
483 80 62 2 144
484 34 51 59 144
485 8 84 53 145
486 65 34 46 145
487 60 66 19 145
488 29 19 97 145
489 32 30 83 145
490 37 87 21 145
491 81 44 21 146
492 15 34 97 146
493 60 3 83 146
494 92 46 8 146
495 62 77 7 146
496 35 27 84 146
497 10 76 60 146
498 30 75 42 147
499 79 28 40 147
500 20 42 85 147
501 83 57 7 147
502 58 29 60 147
503 50 23 74 147
504 22 60 65 147
505 55 34 58 147
506 39 74 34 147
507 69 49 30 148
508 19 67 62 148
509 94 18 36 148
510 39 97 12 148
511 79 13 56 148
512 66 10 73 149
513 57 24 68 149
514 22 58 69 149
515 51 20 78 149
516 68 74 7 149
517 37 62 50 149
518 43 31 76 150
519 42 49 59 150
520 75 5 70 150
521 11 49 90 150
522 39 36 75 150
523 45 93 12 150
524 50 62 38 150
525 60 25 65 150
526 58 32 60 150
527 70 30 50 150
528 98 24 29 151
529 3 90 58 151
530 78 5 68 151
531 62 4 85 151
532 22 71 58 151
533 10 53 89 152
534 53 83 16 152
535 55 68 29 152
536 34 66 52 152
537 39 48 65 152
538 12 87 53 152
539 6 57 89 152
540 53 72 27 152
541 32 98 22 152
542 57 4 91 152
543 28 44 81 153
544 61 81 11 153
545 26 58 69 153
546 23 41 89 153
547 20 95 38 153
548 75 47 32 154
549 92 7 55 154
550 17 50 87 154
551 39 92 23 154
552 10 77 67 154
553 73 9 72 154
554 67 74 14 155
555 86 25 44 155
556 84 28 43 155
557 58 9 88 155
558 52 58 46 156
559 80 12 64 156
560 43 87 26 156
561 59 3 94 156
562 50 38 68 156
563 50 90 16 156
564 95 33 28 156
565 47 48 61 156
566 56 4 96 156
567 26 89 41 156
568 35 77 45 157
569 28 39 90 157
570 46 92 19 157
571 45 84 28 157
572 59 14 84 157
573 50 47 60 157
574 39 37 81 157
575 24 50 83 157
576 78 19 60 157
577 22 55 81 158
578 73 8 77 158
579 70 85 3 158
580 54 80 24 158
581 60 15 83 158
582 13 82 63 158
583 61 68 29 158
584 18 51 89 158
585 14 60 84 158
586 23 95 40 158
587 2 73 83 158
588 89 62 7 158
589 75 7 76 158
590 52 40 66 158
591 74 46 39 159
592 45 36 78 159
593 45 26 88 159
594 11 74 74 159
595 64 23 72 159
596 67 31 61 159
597 56 40 63 159
598 56 90 14 160
599 27 90 43 160
600 53 66 41 160
601 72 57 31 160
602 84 52 24 160
603 8 67 85 160
604 12 59 89 160
605 89 33 38 160
606 57 86 17 160
607 22 55 83 160
608 88 51 21 160
609 5 94 61 160
610 32 41 87 160
611 79 1 80 160
612 79 28 53 160
613 12 78 71 161
614 51 61 49 161
615 70 64 27 161
616 75 19 67 161
617 48 26 87 161
618 49 21 91 161
619 43 38 80 161
620 65 85 11 161
621 28 72 61 161
622 47 50 64 161
623 70 64 27 161
624 20 59 82 161
625 26 56 79 161
626 77 52 33 162
627 61 88 13 162
628 65 31 66 162
629 46 31 85 162
630 36 49 77 162
631 73 39 50 162
632 55 73 34 162
633 72 17 73 162
634 92 38 33 163
635 68 62 33 163
636 9 58 96 163
637 74 84 5 163
638 73 39 52 164
639 3 86 75 164
640 38 42 84 164
641 37 88 39 164
642 4 67 93 164
643 91 2 71 164
644 76 50 38 164
645 69 66 30 165
646 43 27 95 165
647 53 29 83 165
648 81 8 76 165
649 96 9 60 165
650 73 89 3 165
651 62 95 8 165
652 22 64 79 165
653 73 7 86 166
654 76 68 22 166
655 15 65 86 166
656 42 70 54 166
657 48 64 54 166
658 23 97 46 166
659 50 36 80 166
660 28 48 90 166
661 62 16 88 166
662 91 33 42 166
663 24 76 67 167
664 79 50 38 167
665 72 14 81 167
666 80 78 9 167
667 62 10 95 167
668 14 57 97 168
669 34 38 96 168
670 86 24 58 168
671 65 19 84 168
672 37 82 51 170
673 32 48 90 170
674 56 62 53 171
675 93 59 19 171
676 75 5 91 171
677 23 98 50 171
678 37 74 61 172
679 17 62 93 172
680 73 43 56 172
681 36 94 42 172
682 81 80 11 172
683 98 22 52 172
684 72 95 5 172
685 47 29 97 173
686 88 44 41 173
687 76 54 43 173
688 35 87 51 173
689 91 32 50 173
690 97 47 29 173
691 34 64 75 173
692 58 47 69 174
693 81 50 43 174
694 83 46 45 174
695 89 48 37 174
696 44 78 52 174
697 50 91 33 174
698 36 77 61 174
699 97 17 60 174
700 97 41 37 175
701 73 80 22 175
702 56 62 57 175
703 93 12 70 175
704 85 29 61 175
705 56 43 76 175
706 93 53 30 176
707 28 72 76 176
708 73 48 55 176
709 32 53 91 176
710 47 48 81 176
711 46 85 46 177
712 25 82 70 177
713 66 55 56 177
714 45 85 47 177
715 96 65 16 177
716 38 96 43 177
717 5 80 92 177
718 62 23 92 177
719 87 31 59 177
720 64 34 79 177
721 86 39 52 177
722 73 85 20 178
723 86 37 55 178
724 70 47 61 178
725 97 14 67 178
726 76 19 84 179
727 2 86 91 179
728 82 8 89 179
729 70 65 44 179
730 76 48 56 180
731 78 64 38 180
732 84 33 63 180
733 50 74 56 180
734 52 66 63 181
735 48 55 78 181
736 51 70 60 181
737 12 95 74 181
738 29 81 71 181
739 41 45 96 182
740 91 63 28 182
741 55 37 90 182
742 18 75 89 182
743 21 84 77 182
744 32 75 75 182
745 87 40 55 182
746 76 54 52 182
747 32 70 81 183
748 61 28 94 183
749 73 64 46 183
750 73 61 49 183
751 82 34 67 183
752 73 38 73 184
753 42 69 73 184
754 88 33 63 184
755 77 27 80 184
756 85 40 59 184
757 68 27 90 185
758 52 64 69 185
759 76 72 37 185
760 74 27 84 185
761 42 87 56 185
762 90 73 22 185
763 60 41 84 185
764 32 80 74 186
765 68 53 65 186
766 59 58 69 186
767 84 85 17 186
768 43 69 74 186
769 37 86 63 186
770 95 71 20 186
771 41 87 58 186
772 94 42 50 186
773 16 79 91 186
774 91 70 26 187
775 78 88 21 187
776 72 35 80 187
777 38 56 93 187
778 44 86 57 187
779 80 67 40 187
780 46 52 89 187
781 68 61 59 188
782 58 36 94 188
783 98 39 51 188
784 31 94 63 188
785 55 95 38 188
786 77 36 75 188
787 42 49 97 188
788 76 40 72 188
789 81 18 89 188
790 77 82 30 189
791 14 89 86 189
792 75 16 98 189
793 91 45 53 189
794 16 83 90 189
795 85 77 27 189
796 25 90 74 189
797 89 13 87 189
798 83 22 84 189
799 81 40 68 189
800 85 93 11 189
801 80 74 35 189
802 88 81 21 190
803 68 71 51 190
804 97 70 23 190
805 56 83 51 190
806 64 96 30 190
807 70 33 87 190
808 61 81 48 190
809 93 27 71 191
810 59 66 66 191
811 85 81 25 191
812 44 71 76 191
813 21 88 82 191
814 87 90 14 191
815 17 88 86 191
816 42 72 78 192
817 79 27 86 192
818 76 85 31 192
819 95 66 31 192
820 16 92 84 192
821 82 38 72 192
822 47 50 96 193
823 53 95 45 193
824 19 84 90 193
825 36 73 84 193
826 36 91 66 193
827 51 73 70 194
828 49 66 79 194
829 6 94 94 194
830 88 9 97 194
831 91 70 33 194
832 42 57 95 194
833 60 56 79 195
834 79 55 61 195
835 69 72 54 195
836 81 92 22 195
837 97 4 94 195
838 98 1 97 196
839 98 91 7 196
840 96 67 33 196
841 70 85 41 196
842 86 38 72 196
843 97 98 1 196
844 33 87 77 197
845 96 63 38 197
846 72 76 49 197
847 63 48 87 198
848 57 60 81 198
849 84 69 45 198
850 97 63 38 198
851 85 37 76 198
852 95 46 57 198
853 59 66 74 199
854 93 28 78 199
855 83 79 37 199
856 28 89 82 199
857 92 58 49 199
858 82 70 48 200
859 95 37 68 200
860 76 94 30 200
861 86 33 81 200
862 83 63 54 200
863 69 65 67 201
864 49 91 61 201
865 36 98 68 202
866 63 77 62 202
867 89 78 35 202
868 35 70 97 202
869 86 76 40 202
870 89 67 47 203
871 89 74 40 203
872 40 68 95 203
873 66 39 98 203
874 61 58 84 203
875 41 81 81 203
876 23 92 88 203
877 76 47 80 203
878 46 86 72 204
879 89 75 41 205
880 60 81 64 205
881 94 76 35 205
882 54 93 60 207
883 72 96 39 207
884 61 48 98 207
885 65 66 77 208
886 78 94 36 208
887 87 40 82 209
888 77 94 38 209
889 63 48 98 209
890 91 70 49 210
891 84 54 72 210
892 79 45 86 210
893 95 55 60 210
894 75 47 89 211
895 67 48 96 211
896 61 80 70 211
897 78 74 59 211
898 63 85 64 212
899 62 74 76 212
900 79 79 55 213
901 69 91 53 213
902 46 93 74 213
903 96 42 76 214
904 53 94 67 214
905 77 40 97 214
906 63 70 81 214
907 72 81 61 214
908 72 86 57 215
909 96 25 94 215
910 54 86 76 216
911 69 83 64 216
912 32 86 98 216
913 94 89 33 216
914 86 66 65 217
915 75 80 62 217
916 78 59 80 217
917 83 71 63 217
918 82 62 73 217
919 88 65 65 218
920 89 50 79 218
921 92 72 55 219
922 90 45 84 219
923 86 45 88 219
924 85 61 74 220
925 71 66 83 220
926 83 67 71 221
927 67 81 73 221
928 59 66 96 221
929 95 84 42 221
930 83 89 49 221
931 82 49 92 223
932 84 80 59 223
933 86 80 58 224
934 90 62 72 224
935 96 57 71 224
936 64 67 94 225
937 66 73 86 225
938 65 94 68 227
939 90 46 91 227
940 66 67 94 227
941 77 53 98 228
942 75 70 83 228
943 33 97 98 228
944 49 87 92 228
945 57 90 81 228
946 84 63 82 229
947 84 95 51 230
948 72 96 62 230
949 74 85 72 231
950 94 69 68 231
951 93 93 46 232
952 94 52 87 233
953 69 69 95 233
954 77 98 58 233
955 87 76 70 233
956 73 82 79 234
957 75 93 66 234
958 70 70 94 234
959 87 93 56 236
960 88 75 73 236
961 84 94 58 236
962 98 69 70 237
963 70 83 84 237
964 76 76 86 238
965 91 62 87 240
966 53 89 98 240
967 84 90 66 240
968 97 77 67 241
969 80 85 77 242
970 86 80 76 242
971 67 92 84 243
972 95 70 78 243
973 94 65 85 244
974 87 62 95 244
975 68 96 81 245
976 74 79 93 246
977 84 84 78 246
978 72 87 89 248
979 64 96 88 248
980 80 90 79 249
981 83 98 68 249
982 75 88 86 249
983 96 97 59 252
984 91 90 71 252
985 98 65 90 253
986 92 91 70 253
987 85 72 97 254
988 79 91 86 256
989 91 84 81 256
990 91 68 97 256
991 97 84 75 256
992 89 82 85 256
993 95 79 89 263
994 91 79 93 263
995 95 85 84 264
996 93 93 79 265
997 97 98 70 265
998 93 95 81 269
999 97 95 78 270
1000 81 96 96 273

Sorting complete. Time taken: 0.057242 seconds