1 2 7 2 11
2 4 8 1 13
3 4 2 8 14
4 8 2 4 14
5 4 1 12 17
6 12 1 4 17
7 4 10 4 18
8 8 10 1 19
9 11 5 8 24
10 6 1 17 24
11 3 12 10 25
12 20 1 5 26
13 7 14 6 27
14 14 8 5 27
15 6 14 7 27
16 16 2 11 29
17 24 4 2 30
18 22 4 4 30
19 6 8 16 30
20 2 14 16 32
21 9 11 12 32
22 5 11 16 32
23 5 23 4 32
24 13 11 8 32
25 3 2 28 33
26 10 15 9 34
27 8 24 2 34
28 12 8 14 34
29 4 4 27 35
30 9 9 17 35
31 3 29 4 36
32 18 7 11 36
33 2 11 23 36
34 7 6 24 37
35 32 1 5 38
36 15 9 14 38
37 29 5 4 38
38 14 3 21 38
39 19 19 2 40
40 15 24 1 40
41 8 6 26 40
42 18 22 1 41
43 15 6 20 41
44 3 35 3 41
45 7 7 27 41
46 5 1 36 42
47 29 12 1 42
48 5 27 10 42
49 3 24 16 43
50 39 2 2 43
51 4 28 11 43
52 16 16 12 44
53 25 6 13 44
54 17 21 6 44
55 8 25 12 45
56 23 1 21 45
57 7 7 31 45
58 11 23 11 45
59 9 18 19 46
60 1 24 21 46
61 24 7 15 46
62 11 17 18 46
63 11 8 28 47
64 11 22 14 47
65 20 17 11 48
66 1 2 45 48
67 6 21 21 48
68 43 2 3 48
69 20 11 17 48
70 7 17 25 49
71 14 34 1 49
72 10 23 16 49
73 17 16 16 49
74 24 3 23 50
75 42 7 1 50
76 15 26 9 50
77 8 27 15 50
78 13 24 13 50
79 25 13 12 50
80 27 7 17 51
81 7 10 34 51
82 25 20 6 51
83 7 36 8 51
84 21 8 22 51
85 43 4 4 51
86 40 2 10 52
87 11 4 37 52
88 4 38 10 52
89 16 31 5 52
90 36 10 6 52
91 19 23 11 53
92 18 15 20 53
93 14 18 21 53
94 22 16 16 54
95 19 23 12 54
96 39 3 12 54
97 20 23 11 54
98 15 1 38 54
99 41 11 3 55
100 1 51 3 55
101 31 22 2 55
102 23 24 8 55
103 22 24 9 55
104 14 9 32 55
105 3 36 16 55
106 15 18 22 55
107 12 21 23 56
108 15 37 4 56
109 17 26 13 56
110 23 12 21 56
111 34 3 19 56
112 13 15 28 56
113 2 35 19 56
114 30 14 13 57
115 8 19 30 57
116 38 10 9 57
117 33 17 8 58
118 20 8 30 58
119 35 17 6 58
120 14 35 9 58
121 4 26 29 59
122 25 9 25 59
123 12 2 45 59
124 12 6 41 59
125 17 2 40 59
126 3 34 22 59
127 6 1 53 60
128 18 21 21 60
129 24 33 3 60
130 15 41 4 60
131 1 36 23 60
132 3 3 54 60
133 10 16 34 60
134 43 3 14 60
135 9 8 43 60
136 55 1 5 61
137 14 41 6 61
138 9 22 30 61
139 37 16 8 61
140 12 34 15 61
141 3 52 6 61
142 56 3 2 61
143 21 23 17 61
144 14 14 34 62
145 3 19 40 62
146 40 20 2 62
147 27 33 2 62
148 11 48 3 62
149 10 23 29 62
150 6 12 45 63
151 4 34 25 63
152 29 13 21 63
153 27 2 34 63
154 22 13 28 63
155 17 43 3 63
156 11 33 19 63
157 50 3 10 63
158 51 2 11 64
159 20 8 36 64
160 15 30 19 64
161 30 12 22 64
162 14 11 40 65
163 11 8 46 65
164 33 27 5 65
165 3 20 42 65
166 35 4 26 65
167 54 7 4 65
168 22 26 17 65
169 17 7 41 65
170 3 46 16 65
171 14 48 3 65
172 3 55 8 66
173 1 47 18 66
174 32 21 13 66
175 26 37 3 66
176 22 13 31 66
177 1 14 51 66
178 28 7 31 66
179 6 14 46 66
180 9 15 42 66
181 1 29 36 66
182 5 22 39 66
183 15 2 49 66
184 54 1 12 67
185 35 10 22 67
186 51 6 10 67
187 11 39 17 67
188 16 39 12 67
189 3 21 43 67
190 30 28 9 67
191 8 29 31 68
192 56 3 9 68
193 11 9 48 68
194 38 14 16 68
195 54 12 2 68
196 17 32 19 68
197 15 43 10 68
198 5 12 51 68
199 7 41 20 68
200 42 17 9 68
201 5 59 4 68
202 60 7 1 68
203 13 36 20 69
204 2 37 30 69
205 54 10 5 69
206 9 21 39 69
207 2 5 63 70
208 7 57 6 70
209 3 58 9 70
210 28 39 3 70
211 31 3 36 70
212 10 22 38 70
213 18 17 35 70
214 25 8 37 70
215 4 15 51 70
216 13 26 31 70
217 24 18 28 70
218 57 9 4 70
219 14 42 14 70
220 28 29 13 70
221 35 19 16 70
222 22 19 30 71
223 6 49 16 71
224 39 21 11 71
225 24 10 37 71
226 3 42 26 71
227 6 3 62 71
228 22 24 25 71
229 3 41 27 71
230 1 51 19 71
231 12 36 23 71
232 2 3 66 71
233 2 3 66 71
234 16 26 29 71
235 5 64 2 71
236 15 12 44 71
237 8 35 28 71
238 38 31 3 72
239 17 50 5 72
240 43 27 2 72
241 63 8 1 72
242 5 17 50 72
243 37 27 8 72
244 15 4 53 72
245 15 45 12 72
246 4 28 40 72
247 12 33 27 72
248 7 7 58 72
249 32 31 9 72
250 2 19 51 72
251 34 8 30 72
252 16 1 56 73
253 33 14 26 73
254 5 21 47 73
255 19 50 4 73
256 4 8 61 73
257 14 47 12 73
258 18 16 39 73
259 5 40 28 73
260 12 8 53 73
261 8 39 26 73
262 7 39 27 73
263 54 12 7 73
264 33 26 14 73
265 29 31 13 73
266 13 11 50 74
267 29 41 4 74
268 54 7 13 74
269 8 24 42 74
270 16 29 29 74
271 5 21 48 74
272 50 5 19 74
273 36 19 19 74
274 35 6 33 74
275 17 6 51 74
276 40 4 30 74
277 10 48 16 74
278 19 21 34 74
279 17 18 40 75
280 65 2 8 75
281 40 22 13 75
282 30 24 21 75
283 45 25 5 75
284 49 6 20 75
285 43 11 21 75
286 26 43 6 75
287 27 28 20 75
288 3 32 40 75
289 30 19 26 75
290 2 51 22 75
291 38 18 19 75
292 36 8 32 76
293 37 9 30 76
294 1 27 48 76
295 42 31 3 76
296 36 12 28 76
297 43 8 25 76
298 28 47 1 76
299 63 7 6 76
300 51 6 19 76
301 72 3 1 76
302 17 25 34 76
303 51 11 14 76
304 32 8 36 76
305 49 10 17 76
306 29 41 7 77
307 52 23 2 77
308 47 21 9 77
309 31 19 27 77
310 31 40 6 77
311 25 42 10 77
312 1 69 7 77
313 1 64 12 77
314 16 35 26 77
315 22 6 49 77
316 1 69 7 77
317 18 18 41 77
318 23 38 16 77
319 32 7 38 77
320 27 17 33 77
321 4 59 14 77
322 38 8 31 77
323 58 10 9 77
324 25 16 36 77
325 29 27 21 77
326 29 2 47 78
327 31 7 40 78
328 19 49 10 78
329 23 49 6 78
330 35 4 39 78
331 28 30 20 78
332 24 42 12 78
333 31 26 21 78
334 13 3 62 78
335 31 39 8 78
336 5 26 47 78
337 43 27 8 78
338 7 53 18 78
339 36 19 23 78
340 52 2 24 78
341 2 7 70 79
342 29 2 48 79
343 12 12 55 79
344 11 38 30 79
345 33 30 16 79
346 20 19 40 79
347 29 23 27 79
348 4 35 40 79
349 10 58 11 79
350 18 28 33 79
351 26 22 31 79
352 2 52 25 79
353 24 21 34 79
354 51 6 23 80
355 25 24 31 80
356 23 10 47 80
357 11 13 56 80
358 19 8 53 80
359 14 48 18 80
360 22 17 41 80
361 24 48 8 80
362 53 15 12 80
363 55 2 23 80
364 19 7 54 80
365 60 13 7 80
366 2 28 50 80
367 2 57 21 80
368 30 3 47 80
369 7 59 14 80
370 36 43 1 80
371 58 2 21 81
372 16 64 1 81
373 5 68 8 81
374 17 55 9 81
375 39 3 39 81
376 29 35 17 81
377 2 48 31 81
378 43 31 8 82
379 50 8 24 82
380 31 20 31 82
381 64 7 11 82
382 10 49 23 82
383 27 13 42 82
384 36 39 7 82
385 20 6 56 82
386 35 28 19 82
387 12 57 13 82
388 3 44 35 82
389 50 14 19 83
390 24 5 54 83
391 21 59 3 83
392 19 22 42 83
393 58 13 12 83
394 15 23 45 83
395 21 40 22 83
396 19 34 30 83
397 60 8 15 83
398 33 48 2 83
399 65 15 3 83
400 25 20 38 83
401 43 35 5 83
402 8 32 43 83
403 15 55 13 83
404 32 23 28 83
405 10 30 44 84
406 37 32 15 84
407 22 1 61 84
408 13 49 22 84
409 25 19 40 84
410 56 2 26 84
411 24 39 21 84
412 32 23 29 84
413 61 22 1 84
414 77 6 1 84
415 22 43 19 84
416 16 58 10 84
417 62 14 8 84
418 14 35 35 84
419 44 3 37 84
420 35 49 1 85
421 18 46 21 85
422 64 5 16 85
423 31 33 21 85
424 18 29 38 85
425 16 51 18 85
426 56 27 2 85
427 48 3 34 85
428 5 30 50 85
429 10 18 57 85
430 2 47 36 85
431 73 7 5 85
432 2 50 33 85
433 45 37 3 85
434 23 35 27 85
435 11 16 58 85
436 5 79 1 85
437 27 9 49 85
438 35 18 32 85
439 4 32 50 86
440 9 41 36 86
441 60 13 13 86
442 36 28 22 86
443 51 10 25 86
444 20 62 4 86
445 32 1 53 86
446 48 3 35 86
447 45 36 5 86
448 18 5 63 86
449 44 28 15 87
450 22 58 7 87
451 43 9 35 87
452 65 18 4 87
453 7 70 10 87
454 3 76 8 87
455 19 63 5 87
456 33 49 5 87
457 27 8 52 87
458 42 10 35 87
459 27 9 51 87
460 71 7 9 87
461 68 5 14 87
462 64 22 1 87
463 3 6 78 87
464 59 13 15 87
465 46 26 15 87
466 2 19 66 87
467 62 14 12 88
468 55 25 8 88
469 57 29 2 88
470 16 11 61 88
471 61 1 26 88
472 34 9 45 88
473 25 35 28 88
474 15 47 26 88
475 7 47 34 88
476 35 49 4 88
477 17 7 65 89
478 64 15 10 89
479 8 27 54 89
480 19 64 6 89
481 48 26 15 89
482 28 2 59 89
483 39 41 9 89
484 14 36 39 89
485 23 21 46 90
486 54 10 26 90
487 6 52 32 90
488 7 75 8 90
489 9 33 48 90
490 5 13 72 90
491 37 37 16 90
492 13 9 68 90
493 65 4 21 90
494 34 49 7 90
495 3 26 61 90
496 56 24 10 90
497 29 4 57 90
498 41 17 32 90
499 74 10 6 90
500 29 33 28 90
501 57 30 3 90
502 23 59 8 90
503 38 47 6 91
504 7 39 45 91
505 20 6 65 91
506 61 22 8 91
507 40 15 36 91
508 5 12 74 91
509 47 15 29 91
510 48 5 38 91
511 15 49 27 91
512 76 5 10 91
513 25 33 33 91
514 39 44 8 91
515 10 17 64 91
516 58 27 6 91
517 55 9 27 91
518 76 4 11 91
519 10 25 56 91
520 62 12 17 91
521 9 65 17 91
522 29 21 41 91
523 25 32 34 91
524 37 26 28 91
525 12 56 23 91
526 54 18 19 91
527 26 16 50 92
528 15 1 76 92
529 1 39 52 92
530 9 42 41 92
531 73 2 17 92
532 5 3 84 92
533 68 22 2 92
534 15 61 16 92
535 9 39 44 92
536 1 35 56 92
537 37 40 15 92
538 15 14 63 92
539 3 32 57 92
540 26 55 11 92
541 26 48 18 92
542 9 38 45 92
543 1 88 3 92
544 20 16 57 93
545 13 39 41 93
546 15 33 45 93
547 71 13 9 93
548 6 42 45 93
549 37 42 14 93
550 45 17 31 93
551 60 6 27 93
552 5 64 24 93
553 49 6 38 93
554 35 23 35 93
555 26 14 53 93
556 1 52 40 93
557 50 31 12 93
558 57 11 25 93
559 6 39 49 94
560 80 9 5 94
561 3 2 89 94
562 40 4 50 94
563 44 20 30 94
564 28 55 11 94
565 12 56 26 94
566 54 17 23 94
567 17 53 24 94
568 28 55 11 94
569 26 42 26 94
570 57 30 7 94
571 52 6 36 94
572 14 21 59 94
573 1 38 55 94
574 4 58 32 94
575 56 29 9 94
576 18 29 47 94
577 4 55 35 94
578 66 11 17 94
579 30 21 43 94
580 55 1 38 94
581 10 28 56 94
582 2 57 36 95
583 7 1 87 95
584 2 54 39 95
585 33 11 51 95
586 38 53 4 95
587 26 26 43 95
588 11 6 78 95
589 8 34 53 95
590 36 17 42 95
591 45 18 32 95
592 12 17 66 95
593 17 71 7 95
594 19 38 38 95
595 40 11 44 95
596 88 1 6 95
597 63 2 30 95
598 26 39 30 95
599 25 2 68 95
600 16 21 58 95
601 34 24 37 95
602 6 11 79 96
603 75 1 20 96
604 58 5 33 96
605 2 50 44 96
606 21 34 41 96
607 2 4 90 96
608 28 4 64 96
609 54 5 37 96
610 28 18 50 96
611 62 9 25 96
612 5 71 20 96
613 7 82 7 96
614 35 37 24 96
615 60 18 18 96
616 24 4 68 96
617 13 61 22 96
618 15 62 19 96
619 10 19 67 96
620 21 5 70 96
621 15 51 30 96
622 7 57 32 96
623 35 52 9 96
624 12 43 41 96
625 12 24 60 96
626 69 6 21 96
627 30 5 61 96
628 26 69 1 96
629 9 70 17 96
630 53 28 16 97
631 49 1 47 97
632 10 65 22 97
633 53 31 13 97
634 85 1 11 97
635 3 26 68 97
636 52 43 2 97
637 65 17 15 97
638 22 52 23 97
639 19 62 16 97
640 43 7 48 98
641 68 13 17 98
642 32 10 56 98
643 33 52 13 98
644 11 85 2 98
645 51 15 32 98
646 3 72 23 98
647 54 41 3 98
648 10 13 75 98
649 40 52 6 98
650 41 7 50 98
651 63 1 34 98
652 41 32 25 98
653 17 67 14 98
654 18 14 66 98
655 6 51 41 98
656 68 8 23 99
657 16 44 39 99
658 35 45 19 99
659 60 19 20 99
660 69 8 22 99
661 7 33 59 99
662 78 13 8 99
663 38 17 44 99
664 64 32 3 99
665 77 1 21 99
666 34 50 15 99
667 65 18 16 99
668 11 18 70 99
669 19 11 69 99
670 36 48 15 99
671 36 48 15 99
672 34 54 11 99
673 47 5 47 99
674 4 94 2 100
675 22 25 53 100
676 88 8 4 100
677 66 20 14 100
678 34 63 3 100
679 60 2 38 100
680 84 13 3 100
681 38 3 59 100
682 21 54 25 100
683 49 30 21 100
684 80 9 11 100
685 20 77 3 100
686 11 44 45 100
687 26 20 54 100
688 79 11 10 100
689 34 38 28 100
690 47 11 42 100
691 6 35 59 100
692 11 85 4 100
693 7 30 64 101
694 70 8 23 101
695 49 28 24 101
696 43 51 7 101
697 31 39 31 101
698 6 82 13 101
699 22 60 19 101
700 15 18 68 101
701 29 68 4 101
702 21 10 70 101
703 60 17 24 101
704 2 80 19 101
705 2 87 12 101
706 8 88 5 101
707 51 9 41 101
708 23 66 13 102
709 55 22 25 102
710 15 20 67 102
711 4 56 42 102
712 24 14 64 102
713 7 82 13 102
714 53 15 34 102
715 14 29 59 102
716 7 43 52 102
717 42 9 51 102
718 6 15 81 102
719 52 5 45 102
720 4 95 3 102
721 37 61 4 102
722 70 7 25 102
723 28 25 49 102
724 60 20 22 102
725 6 18 78 102
726 61 37 4 102
727 64 1 37 102
728 39 8 55 102
729 12 73 17 102
730 88 2 12 102
731 29 62 11 102
732 46 33 23 102
733 17 42 43 102
734 27 32 43 102
735 49 20 33 102
736 2 50 50 102
737 24 68 10 102
738 56 38 9 103
739 86 3 14 103
740 6 17 80 103
741 70 1 32 103
742 25 33 45 103
743 20 66 17 103
744 34 59 10 103
745 26 39 38 103
746 3 68 32 103
747 25 23 55 103
748 48 18 37 103
749 11 20 72 103
750 28 31 44 103
751 33 22 48 103
752 20 9 74 103
753 31 32 40 103
754 16 50 37 103
755 7 24 72 103
756 31 6 66 103
757 28 37 38 103
758 73 25 5 103
759 69 6 28 103
760 63 6 34 103
761 80 12 11 103
762 43 15 45 103
763 2 16 85 103
764 5 67 32 104
765 35 1 68 104
766 43 56 5 104
767 48 1 55 104
768 63 2 39 104
769 68 11 25 104
770 74 4 26 104
771 28 34 42 104
772 76 9 19 104
773 37 42 25 104
774 36 29 39 104
775 45 1 58 104
776 92 2 10 104
777 36 54 14 104
778 12 64 28 104
779 5 73 26 104
780 7 38 59 104
781 42 35 27 104
782 73 4 27 104
783 35 54 15 104
784 7 26 71 104
785 12 83 10 105
786 46 22 37 105
787 95 8 2 105
788 33 32 40 105
789 90 9 6 105
790 14 30 61 105
791 33 37 35 105
792 27 47 31 105
793 12 9 84 105
794 16 80 9 105
795 12 47 46 105
796 26 73 6 105
797 8 82 15 105
798 8 47 50 105
799 1 15 89 105
800 31 44 30 105
801 16 14 75 105
802 1 32 72 105
803 12 16 77 105
804 32 33 40 105
805 4 49 52 105
806 41 32 32 105
807 28 33 44 105
808 6 25 75 106
809 17 3 86 106
810 22 18 66 106
811 15 49 42 106
812 15 84 7 106
813 70 29 7 106
814 48 29 29 106
815 3 41 62 106
816 56 29 21 106
817 59 11 36 106
818 71 32 3 106
819 50 45 11 106
820 88 4 14 106
821 30 43 33 106
822 16 15 75 106
823 32 40 34 106
824 18 38 50 106
825 52 51 3 106
826 50 12 44 106
827 30 72 5 107
828 22 76 9 107
829 16 47 44 107
830 1 10 96 107
831 6 79 22 107
832 32 73 2 107
833 13 15 79 107
834 5 80 22 107
835 65 33 9 107
836 69 24 14 107
837 68 36 3 107
838 20 27 60 107
839 66 38 3 107
840 23 34 50 107
841 34 14 59 107
842 48 57 2 107
843 47 21 40 108
844 14 80 14 108
845 10 7 91 108
846 71 10 27 108
847 15 20 73 108
848 64 31 13 108
849 15 7 86 108
850 37 33 38 108
851 85 11 12 108
852 54 15 39 108
853 25 25 58 108
854 27 14 67 108
855 14 57 37 108
856 60 36 12 108
857 8 30 70 108
858 38 9 61 108
859 15 34 59 108
860 68 4 36 108
861 32 5 71 108
862 55 22 31 108
863 67 5 36 108
864 65 37 6 108
865 4 47 57 108
866 82 16 10 108
867 45 55 8 108
868 71 17 21 109
869 16 56 37 109
870 36 8 65 109
871 18 39 52 109
872 61 2 46 109
873 65 18 26 109
874 17 90 2 109
875 53 11 45 109
876 6 74 29 109
877 30 22 57 109
878 40 18 51 109
879 17 16 76 109
880 41 55 13 109
881 30 66 13 109
882 78 19 12 109
883 64 4 41 109
884 98 3 8 109
885 6 14 90 110
886 41 40 29 110
887 2 17 91 110
888 82 9 19 110
889 21 79 10 110
890 40 31 39 110
891 9 79 22 110
892 46 8 56 110
893 61 24 25 110
894 5 81 24 110
895 54 26 30 110
896 74 26 10 110
897 85 19 6 110
898 24 51 35 110
899 54 50 6 110
900 56 37 17 110
901 18 3 89 110
902 2 32 76 110
903 43 35 32 110
904 86 16 8 110
905 7 52 51 110
906 10 10 90 110
907 10 82 18 110
908 88 4 19 111
909 54 34 23 111
910 95 14 2 111
911 17 38 56 111
912 12 95 4 111
913 12 95 4 111
914 44 18 49 111
915 63 41 7 111
916 6 24 81 111
917 79 26 6 111
918 31 3 77 111
919 80 17 14 111
920 9 90 12 111
921 23 62 26 111
922 25 25 61 111
923 47 24 40 111
924 9 69 33 111
925 45 50 16 111
926 19 78 14 111
927 6 60 45 111
928 95 8 8 111
929 27 28 56 111
930 56 54 1 111
931 73 34 4 111
932 27 10 74 111
933 33 23 56 112
934 43 16 53 112
935 6 98 8 112
936 39 31 42 112
937 47 47 18 112
938 55 53 4 112
939 47 33 32 112
940 9 48 55 112
941 38 45 29 112
942 75 20 17 112
943 3 68 41 112
944 83 26 3 112
945 32 1 79 112
946 58 26 28 112
947 10 35 67 112
948 44 23 45 112
949 10 43 59 112
950 18 48 46 112
951 57 1 54 112
952 17 10 85 112
953 77 5 30 112
954 45 32 35 112
955 59 6 47 112
956 22 77 13 112
957 27 50 35 112
958 13 47 52 112
959 88 19 5 112
960 48 56 8 112
961 33 45 34 112
962 89 13 10 112
963 56 27 29 112
964 41 51 20 112
965 72 13 27 112
966 76 13 23 112
967 43 45 24 112
968 6 65 41 112
969 1 66 46 113
970 5 87 21 113
971 36 8 69 113
972 89 19 5 113
973 27 3 83 113
974 33 57 23 113
975 25 12 76 113
976 44 9 60 113
977 40 8 65 113
978 72 18 23 113
979 32 59 22 113
980 28 51 34 113
981 14 56 43 113
982 2 20 91 113
983 32 39 42 113
984 11 24 78 113
985 29 55 29 113
986 76 36 1 113
987 21 67 25 113
988 18 93 2 113
989 87 4 22 113
990 32 55 26 113
991 26 61 26 113
992 12 61 41 114
993 21 33 60 114
994 94 13 7 114
995 16 3 95 114
996 64 47 3 114
997 43 29 42 114
998 37 69 8 114
999 17 22 75 114
1000 45 47 22 114
1001 52 49 13 114
1002 21 73 20 114
1003 69 31 14 114
1004 5 47 62 114
1005 10 93 11 114
1006 20 42 52 114
1007 33 21 60 114
1008 26 6 82 114
1009 2 88 24 114
1010 9 72 33 114
1011 78 28 8 114
1012 6 19 89 114
1013 42 35 37 114
1014 8 46 60 114
1015 6 47 61 114
1016 44 62 8 114
1017 51 21 43 115
1018 45 45 25 115
1019 63 44 8 115
1020 19 65 31 115
1021 9 32 74 115
1022 40 51 24 115
1023 49 65 1 115
1024 50 21 44 115
1025 42 7 66 115
1026 41 43 31 115
1027 67 11 37 115
1028 8 56 51 115
1029 59 19 37 115
1030 80 34 1 115
1031 38 28 49 115
1032 50 9 56 115
1033 67 26 22 115
1034 98 1 16 115
1035 5 32 78 115
1036 28 33 54 115
1037 54 57 4 115
1038 32 54 29 115
1039 18 65 32 115
1040 22 55 38 115
1041 11 14 90 115
1042 53 10 52 115
1043 17 45 53 115
1044 52 43 20 115
1045 16 85 15 116
1046 6 22 88 116
1047 58 32 26 116
1048 96 16 4 116
1049 44 47 25 116
1050 3 79 34 116
1051 63 20 33 116
1052 49 53 14 116
1053 85 13 18 116
1054 38 77 1 116
1055 50 16 50 116
1056 36 57 23 116
1057 66 6 44 116
1058 56 14 46 116
1059 40 40 36 116
1060 52 29 35 116
1061 14 6 96 116
1062 6 31 79 116
1063 51 15 50 116
1064 27 19 70 116
1065 22 78 16 116
1066 36 61 19 116
1067 8 93 15 116
1068 22 9 85 116
1069 36 5 75 116
1070 23 18 75 116
1071 50 56 10 116
1072 1 88 28 117
1073 60 52 5 117
1074 4 33 80 117
1075 61 31 25 117
1076 21 33 63 117
1077 8 83 26 117
1078 58 22 37 117
1079 6 71 40 117
1080 2 55 60 117
1081 13 48 56 117
1082 43 27 47 117
1083 82 24 11 117
1084 26 11 80 117
1085 12 25 80 117
1086 35 35 47 117
1087 23 91 3 117
1088 52 11 54 117
1089 77 4 36 117
1090 59 50 8 117
1091 52 38 27 117
1092 15 55 47 117
1093 26 48 43 117
1094 42 30 45 117
1095 24 75 18 117
1096 37 50 30 117
1097 19 60 38 117
1098 23 78 17 118
1099 21 68 29 118
1100 25 46 47 118
1101 4 91 23 118
1102 95 6 17 118
1103 13 22 83 118
1104 18 17 83 118
1105 35 64 19 118
1106 74 9 35 118
1107 28 18 72 118
1108 83 2 33 118
1109 14 27 77 118
1110 31 33 54 118
1111 43 33 42 118
1112 44 25 49 118
1113 63 9 46 118
1114 81 20 17 118
1115 3 70 45 118
1116 40 46 32 118
1117 29 70 19 118
1118 1 30 87 118
1119 47 45 26 118
1120 68 1 49 118
1121 11 56 52 119
1122 7 25 87 119
1123 63 25 31 119
1124 25 56 38 119
1125 30 45 44 119
1126 32 25 62 119
1127 55 52 12 119
1128 89 8 22 119
1129 11 77 31 119
1130 12 15 92 119
1131 30 76 13 119
1132 30 58 31 119
1133 60 8 51 119
1134 62 44 13 119
1135 79 14 26 119
1136 45 60 14 119
1137 41 43 35 119
1138 21 62 36 119
1139 4 81 34 119
1140 41 20 58 119
1141 59 53 7 119
1142 9 48 62 119
1143 90 24 5 119
1144 94 20 5 119
1145 4 58 57 119
1146 56 6 57 119
1147 56 2 62 120
1148 83 28 9 120
1149 13 66 41 120
1150 30 40 50 120
1151 39 59 22 120
1152 23 12 85 120
1153 2 55 63 120
1154 59 2 59 120
1155 66 48 6 120
1156 11 87 22 120
1157 69 36 15 120
1158 26 7 87 120
1159 33 83 4 120
1160 28 52 40 120
1161 29 62 29 120
1162 68 18 34 120
1163 11 81 28 120
1164 26 18 76 120
1165 20 32 68 120
1166 61 4 55 120
1167 25 78 17 120
1168 38 45 37 120
1169 50 28 42 120
1170 32 69 19 120
1171 19 95 6 120
1172 45 20 55 120
1173 25 91 4 120
1174 12 72 36 120
1175 39 25 56 120
1176 29 78 13 120
1177 51 39 31 121
1178 85 2 34 121
1179 34 6 81 121
1180 45 67 9 121
1181 12 54 55 121
1182 75 39 7 121
1183 59 54 8 121
1184 3 58 60 121
1185 36 45 40 121
1186 6 30 85 121
1187 4 71 46 121
1188 46 72 3 121
1189 59 15 47 121
1190 48 33 40 121
1191 89 6 26 121
1192 45 41 35 121
1193 54 1 66 121
1194 87 7 27 121
1195 23 64 34 121
1196 98 1 22 121
1197 8 78 35 121
1198 32 34 55 121
1199 13 57 51 121
1200 13 60 48 121
1201 1 46 74 121
1202 26 5 90 121
1203 42 7 72 121
1204 43 74 4 121
1205 29 12 81 122
1206 44 58 20 122
1207 7 56 59 122
1208 45 40 37 122
1209 96 18 8 122
1210 72 41 9 122
1211 12 48 62 122
1212 30 62 30 122
1213 34 73 15 122
1214 21 50 51 122
1215 71 21 30 122
1216 42 69 11 122
1217 67 54 1 122
1218 44 30 48 122
1219 20 55 47 122
1220 10 57 55 122
1221 60 40 22 122
1222 67 14 41 122
1223 32 21 69 122
1224 39 50 33 122
1225 20 28 74 122
1226 74 25 23 122
1227 93 6 23 122
1228 14 56 53 123
1229 23 60 40 123
1230 5 68 50 123
1231 39 47 37 123
1232 13 44 66 123
1233 18 11 94 123
1234 57 12 54 123
1235 6 61 56 123
1236 20 43 60 123
1237 35 48 40 123
1238 84 7 32 123
1239 34 58 31 123
1240 6 32 85 123
1241 24 75 24 123
1242 63 54 6 123
1243 21 33 69 123
1244 65 54 4 123
1245 5 78 40 123
1246 33 68 22 123
1247 51 69 3 123
1248 13 98 12 123
1249 13 45 65 123
1250 44 40 39 123
1251 78 15 30 123
1252 95 27 1 123
1253 18 91 14 123
1254 31 38 54 123
1255 41 64 19 124
1256 42 4 78 124
1257 12 18 94 124
1258 61 12 51 124
1259 64 15 45 124
1260 57 56 11 124
1261 1 58 65 124
1262 24 11 89 124
1263 40 13 71 124
1264 25 72 27 124
1265 59 25 40 124
1266 24 79 21 124
1267 47 61 16 124
1268 78 15 31 124
1269 48 8 68 124
1270 31 69 24 124
1271 64 2 58 124
1272 5 35 84 124
1273 22 63 39 124
1274 27 25 72 124
1275 83 38 3 124
1276 19 94 11 124
1277 53 57 14 124
1278 90 30 4 124
1279 96 9 19 124
1280 45 27 52 124
1281 22 64 38 124
1282 29 20 75 124
1283 78 1 45 124
1284 56 38 30 124
1285 34 55 35 124
1286 43 75 6 124
1287 66 28 30 124
1288 86 29 9 124
1289 70 23 31 124
1290 42 66 16 124
1291 60 6 58 124
1292 1 25 98 124
1293 63 39 23 125
1294 22 63 40 125
1295 55 1 69 125
1296 57 46 22 125
1297 23 82 20 125
1298 11 58 56 125
1299 43 80 2 125
1300 40 71 14 125
1301 48 76 1 125
1302 36 41 48 125
1303 90 25 10 125
1304 32 35 58 125
1305 32 69 24 125
1306 67 18 40 125
1307 21 25 79 125
1308 64 3 58 125
1309 3 37 85 125
1310 1 33 91 125
1311 9 50 66 125
1312 45 75 5 125
1313 34 30 61 125
1314 60 56 9 125
1315 21 91 13 125
1316 34 17 74 125
1317 46 40 39 125
1318 61 43 21 125
1319 95 12 18 125
1320 4 96 25 125
1321 28 69 28 125
1322 17 18 90 125
1323 10 79 36 125
1324 28 81 16 125
1325 37 56 32 125
1326 16 48 61 125
1327 52 44 29 125
1328 38 16 71 125
1329 61 45 19 125
1330 50 69 7 126
1331 35 25 66 126
1332 11 66 49 126
1333 2 67 57 126
1334 32 81 13 126
1335 96 12 18 126
1336 3 40 83 126
1337 4 59 63 126
1338 70 6 50 126
1339 29 17 80 126
1340 46 36 44 126
1341 5 47 74 126
1342 33 8 85 126
1343 16 55 55 126
1344 43 80 3 126
1345 40 4 82 126
1346 6 35 85 126
1347 28 54 44 126
1348 55 17 54 126
1349 39 5 82 126
1350 16 71 39 126
1351 10 56 60 126
1352 26 39 61 126
1353 78 47 1 126
1354 28 65 33 126
1355 37 68 21 126
1356 13 47 66 126
1357 61 33 32 126
1358 6 89 31 126
1359 92 19 15 126
1360 9 66 51 126
1361 20 71 36 127
1362 17 40 70 127
1363 62 52 13 127
1364 33 43 51 127
1365 12 28 87 127
1366 29 2 96 127
1367 17 88 22 127
1368 5 78 44 127
1369 20 25 82 127
1370 31 25 71 127
1371 4 97 26 127
1372 23 84 20 127
1373 14 22 91 127
1374 36 70 21 127
1375 34 19 74 127
1376 49 43 35 127
1377 47 25 55 127
1378 11 55 61 127
1379 48 39 40 127
1380 26 88 13 127
1381 90 17 20 127
1382 29 36 62 127
1383 62 10 55 127
1384 92 28 7 127
1385 61 51 16 128
1386 66 42 20 128
1387 83 24 21 128
1388 23 89 16 128
1389 42 79 7 128
1390 48 21 59 128
1391 43 38 47 128
1392 45 69 14 128
1393 89 3 36 128
1394 95 14 19 128
1395 58 36 34 128
1396 35 88 5 128
1397 39 29 60 128
1398 32 95 1 128
1399 64 27 37 128
1400 20 10 98 128
1401 31 87 10 128
1402 16 37 75 128
1403 34 11 83 128
1404 7 73 48 128
1405 97 25 6 128
1406 17 62 49 128
1407 57 50 21 128
1408 78 23 28 129
1409 21 58 50 129
1410 36 53 40 129
1411 83 2 44 129
1412 39 86 4 129
1413 11 66 52 129
1414 83 38 8 129
1415 31 93 5 129
1416 2 71 56 129
1417 47 61 21 129
1418 88 12 29 129
1419 43 75 11 129
1420 9 94 26 129
1421 34 81 14 129
1422 53 4 72 129
1423 19 66 44 129
1424 1 97 31 129
1425 10 92 27 129
1426 46 2 81 129
1427 27 50 52 129
1428 9 26 94 129
1429 41 49 39 129
1430 72 49 8 129
1431 25 69 36 130
1432 26 33 71 130
1433 2 55 73 130
1434 42 80 8 130
1435 82 5 43 130
1436 74 8 48 130
1437 54 42 34 130
1438 86 26 18 130
1439 16 87 27 130
1440 22 59 49 130
1441 41 42 47 130
1442 40 12 78 130
1443 70 4 56 130
1444 91 12 27 130
1445 10 98 22 130
1446 70 41 19 130
1447 64 10 56 130
1448 53 60 17 130
1449 65 19 46 130
1450 1 73 56 130
1451 49 80 1 130
1452 51 72 7 130
1453 18 40 72 130
1454 27 73 30 130
1455 80 7 43 130
1456 28 39 63 130
1457 24 57 49 130
1458 56 6 68 130
1459 28 13 89 130
1460 77 27 26 130
1461 60 4 66 130
1462 2 90 38 130
1463 32 95 3 130
1464 73 22 35 130
1465 48 40 43 131
1466 4 96 31 131
1467 30 37 64 131
1468 48 78 5 131
1469 36 13 82 131
1470 64 12 55 131
1471 73 15 43 131
1472 62 13 56 131
1473 23 95 13 131
1474 70 34 27 131
1475 35 70 26 131
1476 77 48 6 131
1477 20 88 23 131
1478 41 37 53 131
1479 11 78 42 131
1480 31 52 48 131
1481 47 36 48 131
1482 26 81 24 131
1483 78 49 4 131
1484 33 81 17 131
1485 15 69 47 131
1486 19 24 88 131
1487 38 12 81 131
1488 64 55 12 131
1489 4 44 83 131
1490 25 77 29 131
1491 3 64 65 132
1492 87 11 34 132
1493 58 66 8 132
1494 2 58 72 132
1495 48 31 53 132
1496 43 22 67 132
1497 4 32 96 132
1498 69 58 5 132
1499 37 4 91 132
1500 46 62 24 132
1501 14 41 77 132
1502 14 22 96 132
1503 42 61 29 132
1504 60 40 32 132
1505 30 30 72 132
1506 65 9 58 132
1507 23 17 92 132
1508 70 29 33 132
1509 82 48 2 132
1510 27 7 98 132
1511 50 59 23 132
1512 54 20 58 132
1513 13 55 64 132
1514 28 11 93 132
1515 33 38 61 132
1516 4 30 98 132
1517 15 44 74 133
1518 39 74 20 133
1519 65 65 3 133
1520 74 26 33 133
1521 60 9 64 133
1522 81 17 35 133
1523 21 55 57 133
1524 12 83 38 133
1525 82 20 31 133
1526 2 82 49 133
1527 32 29 72 133
1528 93 3 37 133
1529 31 47 55 133
1530 43 63 27 133
1531 22 59 52 133
1532 53 39 41 133
1533 61 58 14 133
1534 58 8 67 133
1535 70 9 54 133
1536 97 19 17 133
1537 29 55 49 133
1538 53 36 44 133
1539 43 76 14 133
1540 54 31 48 133
1541 31 50 52 133
1542 50 52 31 133
1543 10 53 70 133
1544 30 5 98 133
1545 38 48 47 133
1546 30 65 38 133
1547 35 61 37 133
1548 22 46 65 133
1549 36 16 81 133
1550 16 40 78 134
1551 53 65 16 134
1552 91 36 7 134
1553 30 98 6 134
1554 42 58 34 134
1555 63 40 31 134
1556 38 44 52 134
1557 56 36 42 134
1558 2 70 62 134
1559 42 58 34 134
1560 68 24 42 134
1561 77 2 55 134
1562 45 61 28 134
1563 52 24 58 134
1564 80 21 33 134
1565 90 35 9 134
1566 13 40 81 134
1567 67 37 30 134
1568 66 58 10 134
1569 1 89 44 134
1570 11 27 96 134
1571 49 21 64 134
1572 91 38 5 134
1573 79 24 31 134
1574 80 29 25 134
1575 47 59 28 134
1576 45 62 27 134
1577 57 1 76 134
1578 55 57 22 134
1579 53 33 48 134
1580 32 97 5 134
1581 24 21 89 134
1582 91 8 35 134
1583 81 28 26 135
1584 18 76 41 135
1585 79 31 25 135
1586 54 41 40 135
1587 41 83 11 135
1588 50 46 39 135
1589 6 34 95 135
1590 12 95 28 135
1591 47 13 75 135
1592 23 56 56 135
1593 57 38 40 135
1594 34 3 98 135
1595 97 23 15 135
1596 44 68 23 135
1597 85 39 11 135
1598 47 46 42 135
1599 70 5 60 135
1600 31 53 51 135
1601 34 32 69 135
1602 52 55 28 135
1603 65 52 18 135
1604 43 4 88 135
1605 7 73 55 135
1606 36 42 58 136
1607 38 74 24 136
1608 65 6 65 136
1609 62 53 21 136
1610 97 18 21 136
1611 71 29 36 136
1612 67 26 43 136
1613 65 24 47 136
1614 64 40 32 136
1615 94 6 36 136
1616 42 74 20 136
1617 61 26 49 136
1618 35 13 88 136
1619 43 51 42 136
1620 49 25 62 136
1621 16 66 54 136
1622 51 42 43 136
1623 51 21 64 136
1624 38 65 33 136
1625 61 16 59 136
1626 51 2 83 136
1627 31 22 83 136
1628 29 72 35 136
1629 11 98 27 136
1630 29 87 20 136
1631 49 29 58 136
1632 8 84 44 136
1633 41 94 1 136
1634 9 43 84 136
1635 49 53 34 136
1636 3 59 74 136
1637 69 62 5 136
1638 72 16 48 136
1639 49 61 26 136
1640 51 50 35 136
1641 70 25 41 136
1642 66 6 64 136
1643 75 58 3 136
1644 26 46 64 136
1645 80 33 23 136
1646 22 48 66 136
1647 58 40 39 137
1648 55 19 63 137
1649 74 42 21 137
1650 35 22 80 137
1651 8 82 47 137
1652 59 15 63 137
1653 18 29 90 137
1654 32 80 25 137
1655 11 68 58 137
1656 8 98 31 137
1657 79 41 17 137
1658 77 33 27 137
1659 38 70 29 137
1660 39 94 4 137
1661 18 37 82 137
1662 93 12 32 137
1663 60 63 14 137
1664 65 45 27 137
1665 21 95 21 137
1666 24 80 33 137
1667 11 30 96 137
1668 17 46 74 137
1669 31 40 66 137
1670 70 30 37 137
1671 62 61 15 138
1672 78 44 16 138
1673 31 23 84 138
1674 22 86 30 138
1675 13 66 59 138
1676 18 56 64 138
1677 4 48 86 138
1678 68 9 61 138
1679 42 47 49 138
1680 80 56 2 138
1681 44 48 46 138
1682 38 88 12 138
1683 70 30 38 138
1684 90 44 4 138
1685 56 54 28 138
1686 38 92 8 138
1687 29 65 44 138
1688 93 27 18 138
1689 1 49 88 138
1690 18 39 81 138
1691 45 21 72 138
1692 41 47 50 138
1693 20 56 62 138
1694 62 57 19 138
1695 83 31 24 138
1696 2 81 55 138
1697 67 33 39 139
1698 33 69 37 139
1699 59 66 14 139
1700 97 38 4 139
1701 50 33 56 139
1702 32 90 17 139
1703 30 28 81 139
1704 74 18 47 139
1705 50 68 21 139
1706 1 80 58 139
1707 11 43 85 139
1708 24 73 42 139
1709 52 24 63 139
1710 78 49 12 139
1711 32 90 17 139
1712 4 79 56 139
1713 87 45 7 139
1714 65 35 39 139
1715 15 82 42 139
1716 6 89 44 139
1717 71 3 65 139
1718 38 58 43 139
1719 41 87 11 139
1720 13 97 29 139
1721 37 16 86 139
1722 28 39 72 139
1723 13 46 80 139
1724 37 48 54 139
1725 53 48 38 139
1726 76 15 48 139
1727 51 31 57 139
1728 71 26 42 139
1729 93 25 21 139
1730 69 8 63 140
1731 38 33 69 140
1732 78 9 53 140
1733 37 21 82 140
1734 72 34 34 140
1735 33 28 79 140
1736 15 43 82 140
1737 79 26 35 140
1738 52 16 72 140
1739 74 40 26 140
1740 3 82 55 140
1741 65 28 47 140
1742 22 61 57 140
1743 84 9 47 140
1744 87 47 6 140
1745 52 39 49 140
1746 19 82 39 140
1747 29 67 44 140
1748 74 8 58 140
1749 62 13 65 140
1750 22 66 52 140
1751 19 87 34 140
1752 68 18 54 140
1753 4 76 60 140
1754 24 85 31 140
1755 69 70 1 140
1756 28 35 77 140
1757 48 32 60 140
1758 30 67 43 140
1759 44 95 1 140
1760 79 53 8 140
1761 8 64 68 140
1762 74 23 43 140
1763 7 52 81 140
1764 59 69 13 141
1765 62 46 33 141
1766 6 85 50 141
1767 79 23 39 141
1768 80 3 58 141
1769 10 51 80 141
1770 24 67 50 141
1771 29 40 72 141
1772 72 1 68 141
1773 70 1 70 141
1774 15 66 60 141
1775 3 57 81 141
1776 67 30 44 141
1777 19 47 75 141
1778 33 21 87 141
1779 66 67 8 141
1780 69 65 7 141
1781 52 52 37 141
1782 24 80 37 141
1783 66 7 68 141
1784 16 93 32 141
1785 70 31 40 141
1786 36 13 92 141
1787 96 3 42 141
1788 5 38 98 141
1789 14 70 57 141
1790 62 5 74 141
1791 82 51 8 141
1792 84 3 54 141
1793 63 21 57 141
1794 23 35 83 141
1795 47 11 84 142
1796 78 52 12 142
1797 96 12 34 142
1798 86 2 54 142
1799 14 88 40 142
1800 8 54 80 142
1801 30 72 40 142
1802 43 83 16 142
1803 78 38 26 142
1804 58 81 3 142
1805 86 50 6 142
1806 76 30 36 142
1807 37 52 53 142
1808 21 66 55 142
1809 40 91 11 142
1810 33 38 71 142
1811 50 70 22 142
1812 80 14 48 142
1813 60 32 50 142
1814 89 49 4 142
1815 33 81 28 142
1816 60 25 57 142
1817 86 13 43 142
1818 9 60 74 143
1819 14 73 56 143
1820 33 32 78 143
1821 31 35 77 143
1822 31 93 19 143
1823 35 93 15 143
1824 35 75 33 143
1825 20 97 26 143
1826 50 10 83 143
1827 52 8 83 143
1828 92 41 10 143
1829 43 18 82 143
1830 62 46 35 143
1831 37 31 75 143
1832 28 87 28 143
1833 61 39 43 143
1834 77 36 30 143
1835 32 78 33 143
1836 84 30 29 143
1837 52 17 74 143
1838 74 8 61 143
1839 83 13 47 143
1840 62 13 68 143
1841 61 62 20 143
1842 24 22 97 143
1843 38 9 96 143
1844 30 74 39 143
1845 38 93 12 143
1846 91 33 19 143
1847 62 20 61 143
1848 27 60 56 143
1849 18 84 41 143
1850 66 30 48 144
1851 31 78 35 144
1852 53 18 73 144
1853 32 74 38 144
1854 5 94 45 144
1855 2 52 90 144
1856 11 49 84 144
1857 60 81 3 144
1858 51 41 52 144
1859 41 6 97 144
1860 89 20 35 144
1861 60 1 83 144
1862 69 62 13 144
1863 76 57 11 144
1864 7 70 67 144
1865 33 52 59 144
1866 42 12 90 144
1867 49 20 75 144
1868 2 57 85 144
1869 58 21 65 144
1870 33 41 70 144
1871 61 81 2 144
1872 55 46 43 144
1873 15 98 31 144
1874 59 15 70 144
1875 58 4 82 144
1876 2 69 73 144
1877 61 39 44 144
1878 13 81 50 144
1879 24 49 72 145
1880 3 45 97 145
1881 89 9 47 145
1882 62 5 78 145
1883 74 5 66 145
1884 61 37 47 145
1885 89 21 35 145
1886 44 77 24 145
1887 12 90 43 145
1888 38 27 80 145
1889 52 29 64 145
1890 62 42 41 145
1891 77 54 14 145
1892 21 52 72 145
1893 93 29 23 145
1894 80 22 43 145
1895 43 51 51 145
1896 87 26 32 145
1897 14 58 73 145
1898 27 92 26 145
1899 79 46 20 145
1900 55 19 71 145
1901 3 67 75 145
1902 28 40 77 145
1903 5 85 55 145
1904 35 73 37 145
1905 53 73 19 145
1906 60 24 61 145
1907 58 35 52 145
1908 93 29 23 145
1909 91 8 46 145
1910 24 45 76 145
1911 53 86 6 145
1912 98 22 25 145
1913 90 49 6 145
1914 55 32 58 145
1915 19 73 53 145
1916 2 75 68 145
1917 43 76 26 145
1918 35 90 20 145
1919 39 50 57 146
1920 77 19 50 146
1921 90 4 52 146
1922 86 19 41 146
1923 60 69 17 146
1924 93 47 6 146
1925 45 50 51 146
1926 44 81 21 146
1927 85 3 58 146
1928 30 60 56 146
1929 76 36 34 146
1930 62 63 21 146
1931 12 39 95 146
1932 53 60 33 146
1933 95 11 40 146
1934 38 79 29 146
1935 26 54 66 146
1936 51 31 64 146
1937 39 54 53 146
1938 48 44 54 146
1939 13 94 39 146
1940 40 92 14 146
1941 34 84 28 146
1942 69 1 76 146
1943 63 81 2 146
1944 88 56 2 146
1945 61 49 36 146
1946 26 24 96 146
1947 87 21 38 146
1948 89 26 31 146
1949 8 82 57 147
1950 93 41 13 147
1951 75 52 20 147
1952 60 41 46 147
1953 62 20 65 147
1954 52 61 34 147
1955 95 11 41 147
1956 81 29 37 147
1957 82 19 46 147
1958 70 32 45 147
1959 84 26 37 147
1960 91 2 54 147
1961 85 9 53 147
1962 10 62 75 147
1963 20 45 82 147
1964 57 52 38 147
1965 85 30 32 147
1966 33 41 73 147
1967 55 60 32 147
1968 77 40 30 147
1969 41 30 76 147
1970 26 30 91 147
1971 41 56 50 147
1972 68 15 64 147
1973 53 5 89 147
1974 53 6 88 147
1975 70 18 59 147
1976 4 65 78 147
1977 2 98 47 147
1978 86 3 58 147
1979 14 50 83 147
1980 24 78 45 147
1981 44 64 39 147
1982 16 75 56 147
1983 95 47 6 148
1984 66 67 15 148
1985 11 61 76 148
1986 30 71 47 148
1987 41 97 10 148
1988 31 70 47 148
1989 68 64 16 148
1990 5 56 87 148
1991 91 46 11 148
1992 81 14 53 148
1993 47 74 27 148
1994 62 54 32 148
1995 14 41 93 148
1996 78 48 22 148
1997 35 94 19 148
1998 93 5 50 148
1999 60 6 82 148
2000 64 22 62 148
2001 17 56 75 148
2002 62 22 64 148
2003 62 57 29 148
2004 22 40 86 148
2005 80 6 62 148
2006 55 57 36 148
2007 54 71 23 148
2008 58 80 10 148
2009 27 86 35 148
2010 51 69 28 148
2011 40 89 19 148
2012 22 63 63 148
2013 64 41 43 148
2014 65 25 58 148
2015 60 30 58 148
2016 12 89 47 148
2017 50 30 69 149
2018 35 54 60 149
2019 70 69 10 149
2020 68 11 70 149
2021 35 40 74 149
2022 51 16 82 149
2023 9 53 87 149
2024 72 46 31 149
2025 11 59 79 149
2026 2 63 84 149
2027 10 76 63 149
2028 85 50 14 149
2029 23 91 35 149
2030 41 91 17 149
2031 33 52 64 149
2032 64 3 82 149
2033 11 92 46 149
2034 4 89 56 149
2035 1 53 95 149
2036 46 48 55 149
2037 46 57 46 149
2038 36 59 54 149
2039 21 74 54 149
2040 59 21 69 149
2041 62 11 76 149
2042 47 95 7 149
2043 60 42 47 149
2044 19 94 36 149
2045 40 73 36 149
2046 28 87 34 149
2047 50 80 20 150
2048 83 47 20 150
2049 96 7 47 150
2050 27 55 68 150
2051 92 22 36 150
2052 30 63 57 150
2053 62 19 69 150
2054 79 57 14 150
2055 12 98 40 150
2056 95 25 30 150
2057 57 43 50 150
2058 59 78 13 150
2059 84 36 30 150
2060 91 11 48 150
2061 38 35 77 150
2062 18 76 56 150
2063 40 15 95 150
2064 14 52 84 150
2065 16 60 74 150
2066 68 74 8 150
2067 84 18 48 150
2068 5 47 98 150
2069 4 64 82 150
2070 40 75 35 150
2071 69 73 8 150
2072 52 25 73 150
2073 12 92 46 150
2074 74 17 59 150
2075 80 40 30 150
2076 39 86 26 151
2077 48 62 41 151
2078 2 91 58 151
2079 75 25 51 151
2080 17 65 69 151
2081 11 59 81 151
2082 37 52 62 151
2083 56 56 39 151
2084 11 83 57 151
2085 32 72 47 151
2086 33 35 83 151
2087 49 82 20 151
2088 41 39 71 151
2089 93 45 13 151
2090 35 61 55 151
2091 25 90 36 151
2092 37 77 37 151
2093 20 90 41 151
2094 28 27 96 151
2095 79 55 17 151
2096 56 77 18 151
2097 26 41 84 151
2098 50 94 7 151
2099 71 45 35 151
2100 59 39 54 152
2101 15 72 65 152
2102 25 85 42 152
2103 71 43 38 152
2104 53 80 19 152
2105 1 62 89 152
2106 70 81 1 152
2107 57 68 27 152
2108 33 25 94 152
2109 71 23 58 152
2110 41 80 31 152
2111 47 75 30 152
2112 73 47 32 152
2113 67 1 84 152
2114 46 98 8 152
2115 89 51 12 152
2116 62 37 53 152
2117 76 24 52 152
2118 44 85 24 153
2119 17 76 60 153
2120 18 83 52 153
2121 73 75 5 153
2122 75 74 4 153
2123 83 69 1 153
2124 6 70 77 153
2125 70 80 3 153
2126 86 12 55 153
2127 41 57 55 153
2128 54 25 74 153
2129 10 61 82 153
2130 33 22 98 153
2131 17 53 83 153
2132 36 54 63 153
2133 72 12 69 153
2134 36 87 30 153
2135 74 44 35 153
2136 56 52 45 153
2137 79 30 44 153
2138 26 36 91 153
2139 78 58 17 153
2140 8 52 93 153
2141 37 72 44 153
2142 35 92 27 154
2143 11 45 98 154
2144 87 37 30 154
2145 36 85 33 154
2146 71 79 4 154
2147 84 19 51 154
2148 13 63 78 154
2149 43 40 71 154
2150 63 53 38 154
2151 21 45 88 154
2152 25 71 58 154
2153 84 20 50 154
2154 68 52 34 154
2155 81 43 30 154
2156 24 65 65 154
2157 84 36 34 154
2158 11 68 75 154
2159 16 84 54 154
2160 31 80 43 154
2161 85 60 9 154
2162 44 92 18 154
2163 87 29 38 154
2164 35 72 47 154
2165 25 44 85 154
2166 28 92 34 154
2167 69 71 14 154
2168 52 96 6 154
2169 17 68 69 154
2170 84 55 15 154
2171 37 82 35 154
2172 2 60 92 154
2173 4 90 60 154
2174 66 81 8 155
2175 82 7 66 155
2176 20 52 83 155
2177 19 84 52 155
2178 54 48 53 155
2179 57 78 20 155
2180 36 32 87 155
2181 39 89 27 155
2182 79 74 2 155
2183 57 90 8 155
2184 7 79 69 155
2185 18 51 86 155
2186 84 54 17 155
2187 36 75 44 155
2188 77 46 32 155
2189 59 6 90 155
2190 85 27 44 156
2191 50 30 76 156
2192 75 2 79 156
2193 76 32 48 156
2194 94 12 50 156
2195 62 16 78 156
2196 83 7 66 156
2197 61 17 78 156
2198 56 17 83 156
2199 79 74 3 156
2200 74 51 31 156
2201 45 41 70 156
2202 59 64 33 156
2203 67 67 22 156
2204 30 53 73 156
2205 84 52 20 156
2206 27 52 77 156
2207 93 53 10 156
2208 22 98 36 156
2209 85 28 43 156
2210 10 92 54 156
2211 34 47 75 156
2212 3 98 55 156
2213 39 51 66 156
2214 67 50 39 156
2215 35 87 34 156
2216 26 98 32 156
2217 50 51 55 156
2218 82 46 28 156
2219 63 38 55 156
2220 39 29 88 156
2221 85 19 52 156
2222 7 88 61 156
2223 91 17 49 157
2224 69 81 7 157
2225 36 50 71 157
2226 39 95 23 157
2227 49 96 12 157
2228 61 85 11 157
2229 68 41 48 157
2230 44 25 88 157
2231 64 80 13 157
2232 8 70 79 157
2233 24 63 70 157
2234 51 42 64 157
2235 68 15 74 157
2236 34 36 87 157
2237 70 39 48 157
2238 68 21 68 157
2239 96 10 51 157
2240 78 45 34 157
2241 22 48 87 157
2242 75 51 31 157
2243 26 64 67 157
2244 69 30 58 157
2245 85 70 2 157
2246 87 66 4 157
2247 30 77 50 157
2248 81 74 2 157
2249 38 82 37 157
2250 60 56 41 157
2251 30 94 33 157
2252 39 84 34 157
2253 39 68 50 157
2254 75 15 67 157
2255 21 62 74 157
2256 52 12 93 157
2257 48 91 18 157
2258 77 76 4 157
2259 1 90 66 157
2260 4 75 78 157
2261 21 67 69 157
2262 36 48 73 157
2263 52 88 17 157
2264 20 48 90 158
2265 58 19 81 158
2266 35 36 87 158
2267 39 56 63 158
2268 2 79 77 158
2269 74 57 27 158
2270 64 81 13 158
2271 26 89 43 158
2272 67 79 12 158
2273 74 36 48 158
2274 45 66 47 158
2275 55 40 63 158
2276 44 63 51 158
2277 98 43 17 158
2278 12 55 91 158
2279 56 42 60 158
2280 58 88 12 158
2281 14 47 97 158
2282 40 87 31 158
2283 94 15 49 158
2284 29 44 85 158
2285 62 13 83 158
2286 21 85 52 158
2287 30 93 35 158
2288 52 25 81 158
2289 17 57 84 158
2290 66 63 29 158
2291 68 25 65 158
2292 11 60 87 158
2293 31 93 35 159
2294 1 84 74 159
2295 43 69 47 159
2296 80 3 76 159
2297 62 19 78 159
2298 72 33 54 159
2299 33 51 75 159
2300 42 61 56 159
2301 9 54 96 159
2302 98 46 15 159
2303 75 9 75 159
2304 66 77 16 159
2305 81 28 50 159
2306 23 73 63 159
2307 58 35 66 159
2308 10 58 91 159
2309 12 94 53 159
2310 92 48 19 159
2311 22 95 42 159
2312 87 19 53 159
2313 56 34 69 159
2314 48 74 37 159
2315 66 60 33 159
2316 70 29 60 159
2317 16 66 77 159
2318 64 62 33 159
2319 37 59 63 159
2320 46 53 60 159
2321 70 88 1 159
2322 52 70 37 159
2323 88 64 7 159
2324 39 49 71 159
2325 6 60 93 159
2326 23 43 93 159
2327 93 5 61 159
2328 32 35 93 160
2329 55 26 79 160
2330 22 49 89 160
2331 36 39 85 160
2332 41 70 49 160
2333 54 9 97 160
2334 48 95 17 160
2335 61 82 17 160
2336 97 17 46 160
2337 18 89 53 160
2338 61 42 57 160
2339 25 62 73 160
2340 74 60 26 160
2341 14 97 49 160
2342 25 72 63 160
2343 51 29 80 160
2344 69 77 14 160
2345 41 92 27 160
2346 29 79 52 160
2347 23 60 77 160
2348 40 85 35 160
2349 12 68 80 160
2350 51 52 57 160
2351 65 14 81 160
2352 81 5 74 160
2353 15 97 48 160
2354 94 12 54 160
2355 62 23 75 160
2356 90 12 58 160
2357 26 44 90 160
2358 34 90 36 160
2359 72 48 40 160
2360 2 66 93 161
2361 87 10 64 161
2362 40 62 59 161
2363 91 59 11 161
2364 52 80 29 161
2365 90 35 36 161
2366 49 95 17 161
2367 79 77 5 161
2368 83 65 13 161
2369 98 17 46 161
2370 52 77 32 161
2371 73 80 8 161
2372 37 66 58 161
2373 49 61 51 161
2374 57 33 71 161
2375 55 21 85 161
2376 76 84 1 161
2377 93 67 1 161
2378 63 25 73 161
2379 10 94 57 161
2380 42 78 41 161
2381 51 43 67 161
2382 77 33 51 161
2383 90 58 13 161
2384 89 27 45 161
2385 53 73 35 161
2386 22 52 87 161
2387 77 16 68 161
2388 91 11 59 161
2389 39 66 56 161
2390 68 79 14 161
2391 16 53 92 161
2392 82 33 47 162
2393 60 60 42 162
2394 9 87 66 162
2395 14 62 86 162
2396 31 82 49 162
2397 24 71 67 162
2398 37 65 60 162
2399 63 89 10 162
2400 62 48 52 162
2401 84 28 50 162
2402 35 29 98 162
2403 62 76 24 162
2404 69 67 26 162
2405 11 59 92 162
2406 48 34 80 162
2407 65 66 31 162
2408 61 41 60 162
2409 51 31 80 162
2410 79 15 68 162
2411 85 31 46 162
2412 96 45 21 162
2413 80 5 77 162
2414 94 36 33 163
2415 86 24 53 163
2416 95 62 6 163
2417 9 80 74 163
2418 61 81 21 163
2419 81 25 57 163
2420 48 35 80 163
2421 45 78 40 163
2422 98 58 7 163
2423 57 56 50 163
2424 69 12 82 163
2425 26 66 71 163
2426 74 42 47 163
2427 50 59 54 163
2428 84 60 19 163
2429 50 28 85 163
2430 19 79 65 163
2431 54 16 93 163
2432 76 36 51 163
2433 32 47 84 163
2434 33 39 91 163
2435 64 83 16 163
2436 32 52 79 163
2437 65 96 2 163
2438 93 6 64 163
2439 93 45 25 163
2440 25 48 90 163
2441 31 80 52 163
2442 18 49 96 163
2443 58 67 38 163
2444 92 50 21 163
2445 36 67 60 163
2446 88 28 48 164
2447 83 56 25 164
2448 78 8 78 164
2449 39 28 97 164
2450 94 11 59 164
2451 68 88 8 164
2452 81 6 77 164
2453 39 57 68 164
2454 71 60 33 164
2455 86 20 58 164
2456 67 87 10 164
2457 21 91 52 164
2458 65 28 71 164
2459 10 71 83 164
2460 56 15 93 164
2461 27 87 50 164
2462 89 48 27 164
2463 51 30 83 164
2464 52 20 92 164
2465 75 17 72 164
2466 79 52 33 164
2467 75 67 22 164
2468 14 58 92 164
2469 95 15 55 165
2470 21 86 58 165
2471 88 19 58 165
2472 49 39 77 165
2473 13 65 87 165
2474 91 8 66 165
2475 77 53 35 165
2476 49 47 69 165
2477 67 90 8 165
2478 16 77 72 165
2479 54 14 97 165
2480 91 63 11 165
2481 67 9 89 165
2482 25 87 53 165
2483 37 50 78 165
2484 85 54 26 165
2485 45 61 59 165
2486 98 36 31 165
2487 7 92 66 165
2488 12 61 92 165
2489 12 62 91 165
2490 21 59 85 165
2491 78 4 83 165
2492 72 19 74 165
2493 62 66 37 165
2494 90 8 67 165
2495 47 55 63 165
2496 80 58 27 165
2497 15 63 87 165
2498 63 68 35 166
2499 89 38 39 166
2500 47 81 38 166
2501 46 47 73 166
2502 47 90 29 166
2503 83 21 62 166
2504 60 80 26 166
2505 87 56 23 166
2506 39 91 36 166
2507 38 59 69 166
2508 12 88 66 166
2509 30 84 52 166
2510 98 9 59 166
2511 60 43 63 166
2512 60 32 74 166
2513 36 58 72 166
2514 89 31 46 166
2515 29 89 48 166
2516 63 58 45 166
2517 83 51 32 166
2518 30 79 57 166
2519 48 70 48 166
2520 8 71 87 166
2521 18 52 96 166
2522 44 77 45 166
2523 70 90 6 166
2524 53 89 24 166
2525 54 46 66 166
2526 54 97 15 166
2527 93 16 57 166
2528 68 5 94 167
2529 31 66 70 167
2530 44 44 79 167
2531 29 72 66 167
2532 49 92 26 167
2533 82 48 37 167
2534 53 52 62 167
2535 13 88 66 167
2536 23 77 67 167
2537 78 66 23 167
2538 62 65 40 167
2539 70 76 21 167
2540 98 38 31 167
2541 75 45 47 167
2542 88 20 59 167
2543 26 51 90 167
2544 65 57 45 167
2545 14 74 79 167
2546 97 19 51 167
2547 94 72 1 167
2548 8 75 84 167
2549 93 58 16 167
2550 98 2 67 167
2551 8 61 98 167
2552 90 31 46 167
2553 59 72 36 167
2554 88 76 3 167
2555 20 50 97 167
2556 54 73 41 168
2557 77 78 13 168
2558 94 12 62 168
2559 39 77 52 168
2560 23 55 90 168
2561 63 93 12 168
2562 8 80 80 168
2563 62 43 63 168
2564 25 69 74 168
2565 86 57 25 168
2566 75 61 32 168
2567 9 92 67 168
2568 80 87 1 168
2569 24 73 71 168
2570 63 87 18 168
2571 89 2 77 168
2572 22 65 81 168
2573 3 67 98 168
2574 17 80 71 168
2575 41 94 33 168
2576 72 54 42 168
2577 94 7 67 168
2578 71 13 84 168
2579 82 80 6 168
2580 46 82 40 168
2581 74 85 9 168
2582 69 4 95 168
2583 33 83 52 168
2584 39 74 55 168
2585 78 44 46 168
2586 86 3 79 168
2587 15 58 95 168
2588 73 11 84 168
2589 92 20 56 168
2590 60 50 58 168
2591 38 67 64 169
2592 58 94 17 169
2593 46 63 60 169
2594 57 66 46 169
2595 9 93 67 169
2596 68 44 57 169
2597 80 17 72 169
2598 41 67 61 169
2599 56 35 78 169
2600 70 63 36 169
2601 54 69 46 169
2602 31 63 75 169
2603 71 62 36 169
2604 79 14 76 169
2605 1 76 92 169
2606 70 58 41 169
2607 98 53 18 169
2608 67 54 48 169
2609 26 71 72 169
2610 85 81 3 169
2611 65 12 92 169
2612 67 19 83 169
2613 90 32 47 169
2614 76 85 8 169
2615 59 95 15 169
2616 69 15 85 169
2617 95 72 2 169
2618 15 96 58 169
2619 30 74 65 169
2620 74 67 28 169
2621 59 17 93 169
2622 92 2 75 169
2623 27 91 52 170
2624 3 82 85 170
2625 52 43 75 170
2626 68 27 75 170
2627 52 94 24 170
2628 76 93 1 170
2629 79 12 79 170
2630 79 60 31 170
2631 97 14 59 170
2632 23 56 91 170
2633 51 89 30 170
2634 70 27 73 170
2635 85 5 80 170
2636 72 65 33 170
2637 55 70 45 170
2638 93 5 72 170
2639 63 42 65 170
2640 23 59 88 170
2641 55 32 83 170
2642 81 74 15 170
2643 64 80 26 170
2644 95 48 27 170
2645 80 14 76 170
2646 52 73 45 170
2647 61 83 26 170
2648 61 56 53 170
2649 20 81 69 170
2650 39 71 60 170
2651 55 76 39 170
2652 92 47 31 170
2653 43 48 80 171
2654 94 29 48 171
2655 88 78 5 171
2656 53 78 40 171
2657 44 79 48 171
2658 50 64 57 171
2659 16 72 83 171
2660 89 52 30 171
2661 27 69 75 171
2662 98 71 2 171
2663 21 62 88 171
2664 1 79 91 171
2665 84 74 13 171
2666 95 9 67 171
2667 43 35 93 171
2668 79 33 59 171
2669 78 32 61 171
2670 29 66 76 171
2671 21 81 69 171
2672 33 95 43 171
2673 96 53 22 171
2674 83 72 16 171
2675 86 27 58 171
2676 89 8 74 171
2677 40 43 88 171
2678 69 19 83 171
2679 59 15 97 171
2680 19 68 84 171
2681 66 52 53 171
2682 61 97 13 171
2683 73 63 36 172
2684 15 69 88 172
2685 22 92 58 172
2686 94 74 4 172
2687 67 73 32 172
2688 79 31 62 172
2689 50 81 41 172
2690 98 67 7 172
2691 37 72 63 172
2692 50 66 56 172
2693 54 61 57 172
2694 6 95 71 172
2695 10 96 66 172
2696 46 58 68 172
2697 18 89 65 172
2698 54 32 86 172
2699 93 73 6 172
2700 2 74 96 172
2701 55 62 55 172
2702 31 95 46 172
2703 51 68 53 172
2704 7 89 76 172
2705 52 95 25 172
2706 98 13 61 172
2707 81 39 52 172
2708 50 62 60 172
2709 70 35 67 172
2710 79 52 41 172
2711 26 67 79 172
2712 87 3 82 172
2713 34 95 43 172
2714 92 28 52 172
2715 87 74 11 172
2716 77 74 21 172
2717 85 33 54 172
2718 61 13 98 172
2719 39 71 62 172
2720 73 38 62 173
2721 69 97 7 173
2722 74 86 13 173
2723 77 38 58 173
2724 73 70 30 173
2725 38 43 92 173
2726 73 21 79 173
2727 49 92 32 173
2728 94 13 66 173
2729 46 97 30 173
2730 5 87 81 173
2731 66 11 96 173
2732 98 70 5 173
2733 18 65 90 173
2734 68 66 39 173
2735 72 32 69 173
2736 34 62 77 173
2737 37 74 62 173
2738 29 74 70 173
2739 29 95 49 173
2740 37 59 77 173
2741 82 8 83 173
2742 70 15 88 173
2743 93 74 6 173
2744 48 98 27 173
2745 66 21 86 173
2746 58 58 57 173
2747 34 47 92 173
2748 64 94 15 173
2749 62 93 18 173
2750 71 11 91 173
2751 84 15 74 173
2752 23 91 59 173
2753 2 93 78 173
2754 19 75 79 173
2755 46 76 51 173
2756 65 12 97 174
2757 73 3 98 174
2758 38 87 49 174
2759 70 36 68 174
2760 98 70 6 174
2761 91 35 48 174
2762 55 80 39 174
2763 84 12 78 174
2764 39 42 93 174
2765 49 39 86 174
2766 17 69 88 174
2767 45 76 53 174
2768 20 62 92 174
2769 75 36 63 174
2770 95 2 77 174
2771 42 96 36 174
2772 29 91 54 174
2773 49 73 52 174
2774 14 95 65 174
2775 56 92 26 174
2776 57 96 21 174
2777 2 74 98 174
2778 62 15 97 174
2779 57 19 98 174
2780 86 9 79 174
2781 20 71 83 174
2782 61 38 75 174
2783 43 92 39 174
2784 15 63 96 174
2785 70 16 88 174
2786 51 90 34 175
2787 22 92 61 175
2788 54 97 24 175
2789 78 19 78 175
2790 28 64 83 175
2791 86 68 21 175
2792 48 38 89 175
2793 63 86 26 175
2794 78 29 68 175
2795 69 63 43 175
2796 80 10 85 175
2797 58 96 21 175
2798 46 35 94 175
2799 33 60 82 175
2800 67 54 54 175
2801 58 94 23 175
2802 67 75 33 175
2803 93 64 18 175
2804 63 25 87 175
2805 51 56 68 175
2806 36 75 64 175
2807 85 27 63 175
2808 28 75 72 175
2809 94 42 39 175
2810 64 70 41 175
2811 68 41 66 175
2812 36 93 46 175
2813 68 92 15 175
2814 73 26 76 175
2815 73 49 53 175
2816 32 52 91 175
2817 59 85 31 175
2818 58 80 37 175
2819 62 30 84 176
2820 48 47 81 176
2821 48 90 38 176
2822 21 62 93 176
2823 66 46 64 176
2824 40 93 43 176
2825 13 80 83 176
2826 58 80 38 176
2827 6 87 83 176
2828 49 57 70 176
2829 19 77 80 176
2830 50 90 36 176
2831 61 46 69 176
2832 16 98 62 176
2833 69 11 96 176
2834 52 84 40 176
2835 14 80 82 176
2836 16 97 63 176
2837 77 32 67 176
2838 73 9 94 176
2839 52 79 45 176
2840 38 78 60 176
2841 25 72 79 176
2842 43 47 86 176
2843 30 92 54 176
2844 92 38 46 176
2845 37 59 80 176
2846 71 87 18 176
2847 90 43 43 176
2848 69 32 75 176
2849 50 59 67 176
2850 77 78 22 177
2851 52 85 40 177
2852 73 81 23 177
2853 72 16 89 177
2854 28 92 57 177
2855 59 67 51 177
2856 95 21 61 177
2857 98 67 12 177
2858 42 79 56 177
2859 87 41 49 177
2860 88 81 8 177
2861 81 64 32 177
2862 8 91 78 177
2863 93 24 60 177
2864 62 19 96 177
2865 40 84 53 177
2866 52 83 42 177
2867 61 77 39 177
2868 98 9 70 177
2869 90 5 82 177
2870 73 46 58 177
2871 62 54 61 177
2872 72 90 15 177
2873 48 47 82 177
2874 27 83 67 177
2875 95 75 7 177
2876 74 33 70 177
2877 44 65 68 177
2878 65 87 26 178
2879 85 50 43 178
2880 97 63 18 178
2881 20 87 71 178
2882 40 43 95 178
2883 67 90 21 178
2884 72 97 9 178
2885 83 60 35 178
2886 7 83 88 178
2887 34 59 85 178
2888 48 45 85 178
2889 63 63 52 178
2890 88 77 13 178
2891 60 60 58 178
2892 74 17 87 178
2893 65 69 44 178
2894 75 71 32 178
2895 85 29 64 178
2896 28 70 80 178
2897 24 61 93 178
2898 79 85 14 178
2899 97 36 45 178
2900 73 37 68 178
2901 70 23 86 179
2902 54 95 30 179
2903 61 93 25 179
2904 76 5 98 179
2905 88 71 20 179
2906 94 33 52 179
2907 39 62 78 179
2908 11 85 83 179
2909 75 67 37 179
2910 76 5 98 179
2911 60 62 57 179
2912 50 57 72 179
2913 88 50 41 179
2914 95 10 74 179
2915 59 89 31 179
2916 13 83 83 179
2917 69 88 22 179
2918 19 64 96 179
2919 41 86 52 179
2920 65 59 55 179
2921 93 29 57 179
2922 59 86 34 179
2923 31 71 77 179
2924 77 20 82 179
2925 97 60 22 179
2926 56 73 50 179
2927 9 72 98 179
2928 97 64 18 179
2929 3 80 97 180
2930 70 87 23 180
2931 95 47 38 180
2932 22 63 95 180
2933 78 48 54 180
2934 64 93 23 180
2935 37 75 68 180
2936 54 88 38 180
2937 83 56 41 180
2938 30 85 65 180
2939 79 80 21 180
2940 72 90 18 180
2941 3 84 93 180
2942 66 49 65 180
2943 75 8 97 180
2944 98 12 70 180
2945 85 82 13 180
2946 83 40 57 180
2947 58 96 26 180
2948 75 98 7 180
2949 29 97 54 180
2950 67 38 75 180
2951 89 21 70 180
2952 96 32 52 180
2953 97 35 48 180
2954 50 40 90 180
2955 22 72 86 180
2956 75 42 63 180
2957 38 45 98 181
2958 94 23 64 181
2959 74 23 84 181
2960 85 26 70 181
2961 73 96 12 181
2962 88 44 49 181
2963 78 66 37 181
2964 75 83 23 181
2965 87 67 27 181
2966 5 82 94 181
2967 55 77 49 181
2968 82 34 65 181
2969 48 54 79 181
2970 62 31 88 181
2971 20 73 88 181
2972 76 12 93 181
2973 82 38 61 181
2974 58 60 63 181
2975 79 74 28 181
2976 72 95 14 181
2977 82 84 15 181
2978 3 87 91 181
2979 97 71 13 181
2980 94 68 19 181
2981 69 77 36 182
2982 54 51 77 182
2983 49 89 44 182
2984 79 81 22 182
2985 78 31 73 182
2986 97 12 73 182
2987 29 62 91 182
2988 68 19 95 182
2989 88 58 36 182
2990 38 71 73 182
2991 3 82 97 182
2992 66 19 97 182
2993 94 76 12 182
2994 77 67 38 182
2995 67 68 47 182
2996 96 63 23 182
2997 31 86 65 182
2998 92 33 57 182
2999 4 94 84 182
3000 70 97 15 182
3001 3 87 92 182
3002 55 75 52 182
3003 45 96 41 182
3004 77 36 69 182
3005 58 34 90 182
3006 74 43 65 182
3007 92 80 10 182
3008 77 98 7 182
3009 98 20 64 182
3010 78 21 84 183
3011 92 2 89 183
3012 88 83 12 183
3013 73 68 42 183
3014 81 54 48 183
3015 89 85 9 183
3016 51 60 72 183
3017 88 84 11 183
3018 91 24 68 183
3019 60 29 94 183
3020 36 83 64 183
3021 69 51 63 183
3022 92 67 24 183
3023 96 38 49 183
3024 59 86 38 183
3025 52 58 73 183
3026 40 55 88 183
3027 56 86 41 183
3028 88 15 80 183
3029 38 97 48 183
3030 50 52 81 183
3031 95 69 19 183
3032 47 85 51 183
3033 83 41 59 183
3034 86 71 26 183
3035 84 79 20 183
3036 86 66 31 183
3037 17 84 82 183
3038 77 44 63 184
3039 58 71 55 184
3040 89 79 16 184
3041 91 14 79 184
3042 28 67 89 184
3043 32 62 90 184
3044 32 80 72 184
3045 60 37 87 184
3046 82 56 46 184
3047 67 41 76 184
3048 54 52 78 184
3049 97 15 72 184
3050 68 85 31 184
3051 30 88 66 184
3052 63 58 63 184
3053 53 72 59 184
3054 31 91 62 184
3055 23 87 74 184
3056 66 81 37 184
3057 2 96 86 184
3058 51 69 64 184
3059 61 54 69 184
3060 42 78 64 184
3061 64 46 74 184
3062 73 16 95 184
3063 76 53 55 184
3064 12 89 83 184
3065 70 91 23 184
3066 32 59 93 184
3067 55 35 94 184
3068 51 63 70 184
3069 84 10 90 184
3070 61 46 77 184
3071 52 93 39 184
3072 32 77 75 184
3073 88 1 96 185
3074 81 19 85 185
3075 46 62 77 185
3076 52 78 55 185
3077 53 97 35 185
3078 68 22 95 185
3079 75 36 74 185
3080 64 41 80 185
3081 57 36 92 185
3082 15 82 88 185
3083 65 60 60 185
3084 57 61 67 185
3085 84 78 23 185
3086 16 84 85 185
3087 90 69 26 185
3088 93 59 33 185
3089 96 3 86 185
3090 50 96 39 185
3091 42 86 57 185
3092 96 25 64 185
3093 69 91 26 186
3094 94 62 30 186
3095 53 89 44 186
3096 86 59 41 186
3097 96 73 17 186
3098 86 64 36 186
3099 81 25 80 186
3100 74 82 30 186
3101 33 68 85 186
3102 43 64 79 186
3103 94 47 45 186
3104 50 42 94 186
3105 88 60 38 186
3106 74 21 91 186
3107 54 91 41 186
3108 67 77 42 186
3109 75 48 63 186
3110 97 27 62 186
3111 51 75 60 186
3112 36 87 63 186
3113 78 21 88 187
3114 83 76 28 187
3115 24 90 73 187
3116 44 89 54 187
3117 38 85 64 187
3118 18 83 86 187
3119 85 83 19 187
3120 61 78 48 187
3121 85 24 78 187
3122 23 74 90 187
3123 71 79 37 187
3124 53 64 70 187
3125 64 55 68 187
3126 72 32 83 187
3127 96 8 83 187
3128 16 85 86 187
3129 40 77 70 187
3130 82 33 72 187
3131 56 96 35 187
3132 82 79 26 187
3133 6 88 93 187
3134 70 61 56 187
3135 58 42 88 188
3136 62 36 90 188
3137 44 65 79 188
3138 36 67 85 188
3139 79 82 27 188
3140 98 2 88 188
3141 94 93 1 188
3142 50 72 66 188
3143 33 77 78 188
3144 10 86 92 188
3145 93 25 70 188
3146 34 74 80 188
3147 55 85 48 188
3148 83 23 82 188
3149 32 91 65 188
3150 49 51 88 188
3151 93 17 78 188
3152 44 71 73 188
3153 52 58 78 188
3154 80 33 75 188
3155 60 71 57 188
3156 77 67 44 188
3157 55 57 76 188
3158 41 52 95 188
3159 38 93 57 188
3160 25 70 93 188
3161 14 90 84 188
3162 69 64 55 188
3163 86 92 10 188
3164 85 85 19 189
3165 51 66 72 189
3166 56 98 35 189
3167 69 63 57 189
3168 89 50 50 189
3169 50 82 57 189
3170 22 80 87 189
3171 87 20 82 189
3172 74 41 74 189
3173 92 28 69 189
3174 52 51 86 189
3175 89 80 20 189
3176 87 19 83 189
3177 98 54 37 189
3178 95 75 19 189
3179 50 71 68 189
3180 92 7 90 189
3181 38 95 57 190
3182 78 70 42 190
3183 6 97 87 190
3184 29 66 95 190
3185 98 30 62 190
3186 93 33 64 190
3187 72 63 55 190
3188 54 52 84 190
3189 33 62 95 190
3190 88 47 55 190
3191 44 51 95 190
3192 57 82 51 190
3193 21 73 96 190
3194 83 35 72 190
3195 37 93 60 190
3196 71 21 98 190
3197 53 55 82 190
3198 54 57 79 190
3199 53 56 81 190
3200 64 43 83 190
3201 63 76 51 190
3202 91 13 86 190
3203 91 26 74 191
3204 54 46 91 191
3205 67 86 38 191
3206 80 85 26 191
3207 37 69 85 191
3208 19 97 75 191
3209 53 60 78 191
3210 97 65 29 191
3211 54 84 53 191
3212 63 32 96 191
3213 93 32 66 191
3214 75 43 73 191
3215 54 82 55 191
3216 68 35 88 191
3217 92 45 54 191
3218 92 75 24 191
3219 56 90 45 191
3220 71 95 25 191
3221 39 57 95 191
3222 64 54 73 191
3223 56 55 81 192
3224 11 87 94 192
3225 65 96 31 192
3226 32 88 72 192
3227 72 55 65 192
3228 69 78 45 192
3229 44 74 74 192
3230 62 75 55 192
3231 96 44 52 192
3232 78 61 53 192
3233 79 15 98 192
3234 52 98 42 192
3235 81 14 97 192
3236 98 25 69 192
3237 19 93 80 192
3238 73 94 25 192
3239 42 86 64 192
3240 84 43 65 192
3241 84 86 22 192
3242 88 40 64 192
3243 67 56 69 192
3244 23 76 93 192
3245 95 96 2 193
3246 19 80 94 193
3247 62 85 46 193
3248 97 15 81 193
3249 82 69 42 193
3250 7 90 96 193
3251 42 58 93 193
3252 72 86 35 193
3253 72 90 31 193
3254 78 93 22 193
3255 24 97 72 193
3256 75 60 58 193
3257 88 77 28 193
3258 54 41 98 193
3259 89 36 68 193
3260 44 55 94 193
3261 19 96 78 193
3262 75 69 49 193
3263 28 92 73 193
3264 92 27 74 193
3265 29 69 95 193
3266 68 51 75 194
3267 67 47 80 194
3268 73 79 42 194
3269 79 25 90 194
3270 54 85 55 194
3271 63 35 96 194
3272 74 63 57 194
3273 28 78 88 194
3274 27 70 97 194
3275 68 98 28 194
3276 89 38 67 194
3277 73 50 71 194
3278 91 96 7 194
3279 82 69 43 194
3280 25 94 75 194
3281 36 64 94 194
3282 21 75 98 194
3283 89 85 20 194
3284 71 51 72 194
3285 88 47 59 194
3286 81 60 53 194
3287 50 59 85 194
3288 60 93 41 194
3289 74 67 53 194
3290 95 91 8 194
3291 84 64 46 194
3292 80 17 97 194
3293 79 58 57 194
3294 49 49 96 194
3295 58 83 54 195
3296 93 28 74 195
3297 55 46 94 195
3298 94 82 19 195
3299 36 65 94 195
3300 85 91 19 195
3301 37 63 95 195
3302 91 38 66 195
3303 85 55 55 195
3304 96 91 8 195
3305 63 74 58 195
3306 78 93 24 195
3307 11 88 96 195
3308 96 77 22 195
3309 87 63 45 195
3310 82 73 40 195
3311 66 37 92 195
3312 79 74 42 195
3313 58 81 56 195
3314 43 88 64 195
3315 76 22 97 195
3316 75 24 96 195
3317 50 67 78 195
3318 89 94 12 195
3319 62 45 88 195
3320 45 54 96 195
3321 63 68 65 196
3322 76 94 26 196
3323 88 57 51 196
3324 76 71 49 196
3325 80 93 23 196
3326 84 32 80 196
3327 96 6 94 196
3328 75 87 34 196
3329 77 80 39 196
3330 85 41 70 196
3331 59 43 94 196
3332 95 57 44 196
3333 80 56 60 196
3334 82 74 40 196
3335 75 67 54 196
3336 70 91 35 196
3337 70 46 80 196
3338 88 19 89 196
3339 54 53 89 196
3340 72 27 97 196
3341 77 42 77 196
3342 53 48 96 197
3343 66 85 46 197
3344 72 57 68 197
3345 69 64 64 197
3346 84 93 20 197
3347 95 27 75 197
3348 25 81 91 197
3349 57 56 84 197
3350 78 37 82 197
3351 98 39 60 197
3352 69 89 39 197
3353 92 57 48 197
3354 97 78 22 197
3355 30 97 70 197
3356 68 35 94 197
3357 71 43 83 197
3358 36 86 76 198
3359 52 63 83 198
3360 92 49 57 198
3361 84 42 72 198
3362 7 97 94 198
3363 94 79 25 198
3364 54 92 52 198
3365 87 54 57 198
3366 64 91 43 198
3367 71 49 78 198
3368 33 91 74 198
3369 83 70 45 198
3370 30 76 92 198
3371 94 72 32 198
3372 6 94 98 198
3373 70 95 33 198
3374 95 68 35 198
3375 50 53 95 198
3376 55 77 66 198
3377 98 23 77 198
3378 98 4 96 198
3379 97 8 94 199
3380 82 50 67 199
3381 59 66 74 199
3382 62 91 46 199
3383 49 57 93 199
3384 18 92 89 199
3385 62 39 98 199
3386 87 94 18 199
3387 75 32 92 199
3388 94 53 52 199
3389 58 76 65 199
3390 60 56 83 199
3391 67 59 73 199
3392 63 84 52 199
3393 40 94 65 199
3394 93 19 87 199
3395 66 85 48 199
3396 78 30 91 199
3397 98 98 4 200
3398 16 89 95 200
3399 67 95 38 200
3400 47 80 73 200
3401 89 40 71 200
3402 35 73 92 200
3403 86 43 71 200
3404 55 73 72 200
3405 24 81 95 200
3406 9 95 96 200
3407 98 57 45 200
3408 88 55 57 200
3409 52 79 69 200
3410 67 57 76 200
3411 89 41 70 200
3412 86 52 62 200
3413 90 47 63 200
3414 72 83 46 201
3415 74 33 94 201
3416 86 84 31 201
3417 57 69 75 201
3418 58 88 55 201
3419 86 57 58 201
3420 68 91 42 201
3421 20 84 97 201
3422 88 54 59 201
3423 50 83 68 201
3424 59 60 82 201
3425 17 98 86 201
3426 57 49 95 201
3427 83 65 53 201
3428 90 13 98 201
3429 23 90 88 201
3430 80 95 26 201
3431 78 78 45 201
3432 63 92 46 201
3433 74 52 75 201
3434 46 94 61 201
3435 24 96 81 201
3436 47 90 64 201
3437 41 87 73 201
3438 40 72 90 202
3439 53 88 61 202
3440 97 76 29 202
3441 44 96 62 202
3442 58 70 74 202
3443 69 92 41 202
3444 43 63 96 202
3445 87 67 48 202
3446 41 93 68 202
3447 97 17 88 202
3448 52 94 56 202
3449 27 96 79 202
3450 77 87 38 202
3451 45 93 64 202
3452 64 58 80 202
3453 46 83 73 202
3454 51 77 74 202
3455 42 87 73 202
3456 77 79 46 202
3457 40 92 71 203
3458 60 57 86 203
3459 62 48 93 203
3460 33 76 94 203
3461 62 61 80 203
3462 62 85 56 203
3463 61 98 44 203
3464 15 94 94 203
3465 51 78 74 203
3466 56 56 91 203
3467 86 95 22 203
3468 91 97 15 203
3469 97 60 46 203
3470 50 63 90 203
3471 77 88 38 203
3472 90 80 33 203
3473 55 93 55 203
3474 56 69 78 203
3475 67 57 79 203
3476 32 88 83 203
3477 61 58 84 203
3478 98 68 37 203
3479 95 69 39 203
3480 78 56 69 203
3481 97 25 81 203
3482 55 77 71 203
3483 36 85 83 204
3484 86 20 98 204
3485 84 23 97 204
3486 57 90 57 204
3487 48 95 61 204
3488 60 84 60 204
3489 98 83 23 204
3490 88 97 19 204
3491 63 70 71 204
3492 20 93 91 204
3493 90 86 28 204
3494 65 45 94 204
3495 76 46 82 204
3496 57 82 65 204
3497 43 71 90 204
3498 38 73 93 204
3499 89 63 53 205
3500 82 88 35 205
3501 71 82 52 205
3502 96 76 33 205
3503 84 61 60 205
3504 95 63 47 205
3505 94 71 40 205
3506 67 52 86 205
3507 57 57 91 205
3508 89 49 67 205
3509 61 50 94 205
3510 93 51 61 205
3511 17 97 91 205
3512 93 21 92 206
3513 96 78 32 206
3514 89 38 79 206
3515 68 85 53 206
3516 45 74 87 206
3517 82 83 41 206
3518 79 66 61 206
3519 70 81 55 206
3520 75 43 88 206
3521 52 84 70 206
3522 62 50 94 206
3523 90 36 80 206
3524 66 88 52 206
3525 59 50 97 206
3526 77 60 69 206
3527 61 79 66 206
3528 43 85 78 206
3529 80 66 61 207
3530 77 57 73 207
3531 82 69 56 207
3532 69 78 60 207
3533 64 59 84 207
3534 21 97 89 207
3535 77 74 56 207
3536 95 50 62 207
3537 97 74 36 207
3538 90 59 58 207
3539 45 76 86 207
3540 36 94 77 207
3541 87 63 57 207
3542 74 78 55 207
3543 24 86 97 207
3544 78 56 73 207
3545 49 69 89 207
3546 75 57 75 207
3547 60 85 62 207
3548 62 97 48 207
3549 69 89 49 207
3550 97 15 95 207
3551 79 89 39 207
3552 91 98 19 208
3553 88 62 58 208
3554 51 80 77 208
3555 37 82 89 208
3556 97 54 57 208
3557 86 37 85 208
3558 97 36 75 208
3559 62 81 65 208
3560 83 56 69 208
3561 92 91 25 208
3562 56 79 73 208
3563 70 88 50 208
3564 57 82 69 208
3565 97 39 72 208
3566 78 32 98 208
3567 80 44 84 208
3568 40 93 76 209
3569 88 44 77 209
3570 94 17 98 209
3571 81 46 82 209
3572 88 74 47 209
3573 80 35 94 209
3574 39 83 87 209
3575 78 75 56 209
3576 93 21 95 209
3577 98 20 91 209
3578 69 79 61 209
3579 95 71 43 209
3580 98 83 28 209
3581 85 73 51 209
3582 69 77 63 209
3583 54 98 58 210
3584 74 77 59 210
3585 93 31 86 210
3586 93 21 96 210
3587 73 79 58 210
3588 83 91 36 210
3589 81 57 72 210
3590 41 79 90 210
3591 95 67 48 210
3592 90 39 81 210
3593 80 75 55 210
3594 69 51 91 211
3595 82 90 39 211
3596 61 74 76 211
3597 98 48 65 211
3598 89 28 94 211
3599 92 71 48 211
3600 90 59 62 211
3601 73 47 91 211
3602 66 88 57 211
3603 87 63 61 211
3604 71 44 96 211
3605 74 84 53 211
3606 72 96 43 211
3607 59 57 95 211
3608 93 28 90 211
3609 62 60 89 211
3610 76 84 52 212
3611 61 92 59 212
3612 64 62 86 212
3613 42 92 78 212
3614 96 84 32 212
3615 76 95 41 212
3616 71 73 68 212
3617 91 78 43 212
3618 87 92 33 212
3619 76 42 94 212
3620 86 33 93 212
3621 92 69 51 212
3622 97 48 67 212
3623 72 59 82 213
3624 74 63 76 213
3625 72 74 67 213
3626 76 67 70 213
3627 92 75 46 213
3628 93 62 58 213
3629 97 66 50 213
3630 72 84 57 213
3631 51 95 67 213
3632 76 84 53 213
3633 95 52 66 213
3634 64 54 95 213
3635 83 77 53 213
3636 83 71 59 213
3637 93 84 36 213
3638 36 93 85 214
3639 66 77 71 214
3640 88 85 41 214
3641 33 91 90 214
3642 74 92 48 214
3643 79 68 67 214
3644 98 66 50 214
3645 36 98 80 214
3646 78 86 50 214
3647 49 88 77 214
3648 80 61 73 214
3649 85 52 77 214
3650 95 73 46 214
3651 86 81 47 214
3652 90 98 26 214
3653 98 85 31 214
3654 63 70 81 214
3655 84 60 70 214
3656 76 81 57 214
3657 71 52 91 214
3658 59 67 88 214
3659 43 90 82 215
3660 57 88 70 215
3661 85 58 72 215
3662 91 61 63 215
3663 89 49 77 215
3664 49 86 80 215
3665 57 97 61 215
3666 65 72 78 215
3667 90 92 33 215
3668 75 98 42 215
3669 54 70 91 215
3670 97 29 89 215
3671 65 53 97 215
3672 90 95 30 215
3673 71 79 65 215
3674 89 85 42 216
3675 88 90 38 216
3676 54 78 84 216
3677 52 74 90 216
3678 76 95 45 216
3679 79 52 85 216
3680 93 68 55 216
3681 63 58 95 216
3682 75 85 56 216
3683 97 59 60 216
3684 73 90 53 216
3685 82 50 84 216
3686 68 91 58 217
3687 62 79 76 217
3688 40 86 91 217
3689 96 35 86 217
3690 44 82 91 217
3691 43 88 86 217
3692 98 89 30 217
3693 93 78 46 217
3694 69 63 85 217
3695 92 29 96 217
3696 89 69 59 217
3697 49 83 85 217
3698 69 96 52 217
3699 86 34 97 217
3700 64 70 83 217
3701 71 65 81 217
3702 87 35 95 217
3703 78 53 87 218
3704 93 95 30 218
3705 95 78 45 218
3706 81 55 82 218
3707 51 82 85 218
3708 25 96 97 218
3709 63 58 97 218
3710 93 54 71 218
3711 48 88 82 218
3712 90 47 81 218
3713 40 85 93 218
3714 93 68 57 218
3715 68 73 77 218
3716 48 93 77 218
3717 82 85 51 218
3718 61 72 85 218
3719 78 42 98 218
3720 36 91 92 219
3721 87 38 94 219
3722 91 78 50 219
3723 73 89 57 219
3724 83 94 42 219
3725 70 53 96 219
3726 92 86 41 219
3727 68 79 72 219
3728 59 73 87 219
3729 66 79 74 219
3730 75 89 56 220
3731 64 86 70 220
3732 65 95 60 220
3733 37 89 94 220
3734 88 64 68 220
3735 53 75 93 221
3736 62 84 75 221
3737 76 79 66 221
3738 67 90 64 221
3739 80 49 92 221
3740 95 28 98 221
3741 80 44 97 221
3742 74 71 76 221
3743 80 55 86 221
3744 68 63 90 221
3745 76 83 62 221
3746 61 95 65 221
3747 45 85 91 221
3748 31 94 97 222
3749 83 91 48 222
3750 80 60 82 222
3751 77 82 63 222
3752 52 78 92 222
3753 89 96 37 222
3754 66 60 96 222
3755 91 83 48 222
3756 83 65 74 222
3757 87 97 38 222
3758 75 54 94 223
3759 86 53 84 223
3760 93 67 63 223
3761 85 70 68 223
3762 94 57 72 223
3763 94 55 74 223
3764 87 63 73 223
3765 98 33 92 223
3766 90 60 73 223
3767 74 75 74 223
3768 73 67 83 223
3769 85 52 86 223
3770 59 69 95 223
3771 55 85 83 223
3772 66 63 95 224
3773 91 37 96 224
3774 73 81 70 224
3775 74 67 83 224
3776 86 68 70 224
3777 55 72 97 224
3778 75 87 63 225
3779 92 76 57 225
3780 60 80 85 225
3781 84 54 87 225
3782 76 57 92 225
3783 52 90 83 225
3784 36 92 97 225
3785 96 63 66 225
3786 83 45 97 225
3787 72 76 77 225
3788 53 93 80 226
3789 67 81 78 226
3790 80 56 90 226
3791 40 98 88 226
3792 69 77 80 226
3793 74 94 58 226
3794 73 92 61 226
3795 72 81 73 226
3796 82 85 60 227
3797 97 88 42 227
3798 50 82 95 227
3799 86 84 57 227
3800 82 97 48 227
3801 74 77 76 227
3802 70 72 85 227
3803 76 93 58 227
3804 97 59 72 228
3805 84 81 63 228
3806 89 62 77 228
3807 97 49 82 228
3808 56 84 88 228
3809 88 79 61 228
3810 67 88 73 228
3811 74 86 69 229
3812 65 77 87 229
3813 84 81 64 229
3814 62 72 95 229
3815 85 49 95 229
3816 62 94 74 230
3817 71 76 83 230
3818 60 75 95 230
3819 82 96 52 230
3820 73 90 67 230
3821 79 73 78 230
3822 97 54 79 230
3823 73 76 81 230
3824 77 81 72 230
3825 79 73 79 231
3826 96 75 60 231
3827 81 91 59 231
3828 52 83 96 231
3829 67 79 85 231
3830 95 49 87 231
3831 88 54 89 231
3832 98 37 96 231
3833 79 79 74 232
3834 61 98 73 232
3835 93 93 46 232
3836 65 70 97 232
3837 75 91 66 232
3838 80 97 56 233
3839 73 85 75 233
3840 77 77 79 233
3841 88 73 72 233
3842 84 69 80 233
3843 46 89 98 233
3844 88 69 76 233
3845 97 40 96 233
3846 56 83 94 233
3847 69 85 79 233
3848 97 70 66 233
3849 90 72 72 234
3850 87 77 70 234
3851 62 93 79 234
3852 68 97 69 234
3853 66 81 87 234
3854 87 93 54 234
3855 98 45 91 234
3856 61 96 77 234
3857 82 84 68 234
3858 82 62 90 234
3859 67 90 78 235
3860 84 72 79 235
3861 88 68 79 235
3862 98 87 50 235
3863 64 98 73 235
3864 58 89 89 236
3865 93 47 96 236
3866 68 72 96 236
3867 93 72 71 236
3868 97 50 89 236
3869 90 74 72 236
3870 73 86 78 237
3871 51 98 88 237
3872 84 74 79 237
3873 81 62 95 238
3874 95 52 91 238
3875 71 73 94 238
3876 84 87 67 238
3877 57 93 88 238
3878 96 92 50 238
3879 52 90 96 238
3880 77 97 65 239
3881 98 53 88 239
3882 94 50 95 239
3883 92 56 91 239
3884 57 89 93 239
3885 74 79 86 239
3886 81 90 68 239
3887 92 83 64 239
3888 89 80 71 240
3889 77 73 90 240
3890 78 82 80 240
3891 95 74 71 240
3892 91 95 54 240
3893 97 50 93 240
3894 87 95 59 241
3895 70 84 87 241
3896 66 92 83 241
3897 61 84 96 241
3898 80 64 97 241
3899 79 65 97 241
3900 72 78 91 241
3901 94 81 66 241
3902 88 93 61 242
3903 86 97 59 242
3904 86 59 97 242
3905 98 80 64 242
3906 85 71 87 243
3907 63 82 98 243
3908 94 78 71 243
3909 61 96 86 243
3910 56 94 93 243
3911 57 89 97 243
3912 98 51 94 243
3913 82 67 94 243
3914 77 83 84 244
3915 83 90 71 244
3916 59 97 88 244
3917 82 83 80 245
3918 95 98 52 245
3919 83 71 91 245
3920 82 93 70 245
3921 73 86 87 246
3922 76 88 82 246
3923 88 67 91 246
3924 69 94 83 246
3925 93 84 70 247
3926 87 70 90 247
3927 68 95 84 247
3928 64 94 89 247
3929 78 82 87 247
3930 73 82 93 248
3931 81 77 90 248
3932 74 91 83 248
3933 59 98 91 248
3934 90 69 89 248
3935 84 98 66 248
3936 74 88 87 249
3937 95 65 89 249
3938 72 96 81 249
3939 94 92 63 249
3940 81 98 70 249
3941 86 88 76 250
3942 86 84 80 250
3943 92 66 92 250
3944 95 86 69 250
3945 56 98 96 250
3946 95 85 70 250
3947 83 95 73 251
3948 73 85 93 251
3949 89 75 87 251
3950 84 73 95 252
3951 91 69 92 252
3952 89 87 76 252
3953 79 87 86 252
3954 80 87 86 253
3955 97 92 64 253
3956 78 86 89 253
3957 96 64 93 253
3958 64 98 91 253
3959 88 93 72 253
3960 94 89 70 253
3961 84 96 75 255
3962 77 98 80 255
3963 98 72 86 256
3964 71 88 97 256
3965 75 96 85 256
3966 79 97 81 257
3967 96 95 66 257
3968 95 67 96 258
3969 82 82 94 258
3970 86 83 89 258
3971 71 98 89 258
3972 97 97 64 258
3973 76 90 92 258
3974 96 79 84 259
3975 98 69 92 259
3976 90 79 91 260
3977 88 90 82 260
3978 92 72 97 261
3979 72 94 95 261
3980 92 72 98 262
3981 75 89 98 262
3982 94 73 95 262
3983 95 89 79 263
3984 89 78 96 263
3985 90 98 76 264
3986 95 87 84 266
3987 97 84 85 266
3988 95 74 98 267
3989 98 98 72 268
3990 82 97 90 269
3991 80 95 97 272
3992 84 92 97 273
3993 92 85 96 273
3994 94 94 87 275
3995 97 86 92 275
3996 82 97 97 276
3997 85 94 97 276
3998 85 98 94 277
3999 96 96 89 281
4000 89 96 96 281

Sorting complete. Time taken: 0.027985 seconds