1 6 31 10 47
2 5 24 21 50
3 23 25 19 67
4 2 58 9 69
5 37 14 19 70
6 43 26 2 71
7 42 5 25 72
8 25 28 20 73
9 45 8 23 76
10 41 5 30 76
11 15 21 44 80
12 3 40 38 81
13 56 2 23 81
14 15 62 5 82
15 47 32 16 95
16 38 3 54 95
17 17 43 35 95
18 72 12 13 97
19 54 2 45 101
20 83 10 8 101
21 62 20 21 103
22 9 23 72 104
23 19 9 78 106
24 39 31 38 108
25 71 40 1 112
26 74 25 13 112
27 39 36 39 114
28 12 60 45 117
29 52 1 65 118
30 49 62 8 119
31 60 57 3 120
32 29 85 7 121
33 10 29 82 121
34 75 34 14 123
35 14 24 86 124
36 82 12 30 124
37 8 66 51 125
38 5 60 62 127
39 45 82 1 128
40 36 49 44 129
41 40 29 60 129
42 25 21 85 131
43 16 26 89 131
44 32 32 67 131
45 76 30 26 132
46 25 57 50 132
47 35 23 77 135
48 34 50 51 135
49 30 43 66 139
50 21 62 62 145
51 16 46 83 145
52 72 35 39 146
53 33 91 22 146
54 40 44 63 147
55 14 75 58 147
56 53 31 65 149
57 44 98 13 155
58 16 66 74 156
59 13 73 71 157
60 15 90 52 157
61 80 72 8 160
62 10 71 83 164
63 54 56 55 165
64 35 54 77 166
65 57 33 76 166
66 86 76 5 167
67 81 49 42 172
68 71 45 59 175
69 26 72 78 176
70 72 62 44 178
71 83 67 29 179
72 46 65 68 179
73 67 44 69 180
74 90 21 71 182
75 29 59 95 183
76 89 69 25 183
77 41 49 96 186
78 40 75 74 189
79 69 75 46 190
80 91 18 82 191
81 84 90 19 193
82 80 16 97 193
83 85 77 35 197
84 60 97 50 207
85 91 76 41 208
86 68 87 54 209
87 97 88 24 209
88 61 75 73 209
89 35 88 88 211
90 63 78 73 214
91 76 82 59 217
92 72 83 62 217
93 57 64 98 219
94 87 81 51 219
95 56 71 95 222
96 83 83 61 227
97 95 80 52 227
98 85 72 71 228
99 98 82 77 257
100 87 77 95 259

Sorting complete. Time taken: 0.000315 seconds