1 4 14 1 19
2 14 1 7 22
3 2 16 5 23
4 5 5 16 26
5 8 15 6 29
6 11 18 2 31
7 1 30 1 32
8 12 13 9 34
9 7 7 21 35
10 31 4 1 36
11 10 17 9 36
12 12 12 12 36
13 9 21 6 36
14 15 6 15 36
15 20 10 7 37
16 21 15 1 37
17 25 5 9 39
18 1 25 13 39
19 5 22 15 42
20 29 7 7 43
21 9 32 4 45
22 13 3 29 45
23 30 6 9 45
24 23 3 20 46
25 16 7 23 46
26 9 37 1 47
27 9 31 7 47
28 9 24 16 49
29 21 23 7 51
30 2 34 15 51
31 27 3 22 52
32 21 27 5 53
33 17 27 9 53
34 22 32 1 55
35 25 27 5 57
36 34 10 14 58
37 30 15 14 59
38 14 3 43 60
39 39 11 10 60
40 5 48 7 60
41 12 34 15 61
42 9 4 48 61
43 55 2 4 61
44 1 10 50 61
45 36 19 7 62
46 9 30 23 62
47 9 41 13 63
48 11 42 10 63
49 36 22 6 64
50 41 2 21 64
51 26 38 1 65
52 18 38 9 65
53 25 27 14 66
54 15 5 48 68
55 7 9 52 68
56 15 45 8 68
57 13 55 1 69
58 22 39 8 69
59 25 40 5 70
60 23 7 40 70
61 2 38 30 70
62 24 25 21 70
63 65 3 3 71
64 59 11 3 73
65 43 1 29 73
66 11 45 17 73
67 44 9 20 73
68 54 15 5 74
69 40 17 17 74
70 22 44 8 74
71 17 52 6 75
72 13 30 32 75
73 56 12 7 75
74 19 41 15 75
75 35 18 23 76
76 19 45 13 77
77 2 71 4 77
78 25 6 47 78
79 34 30 14 78
80 41 30 7 78
81 19 30 29 78
82 22 9 48 79
83 7 64 9 80
84 25 35 20 80
85 15 42 23 80
86 46 3 31 80
87 35 1 44 80
88 5 17 59 81
89 41 19 21 81
90 7 27 47 81
91 31 36 14 81
92 21 10 50 81
93 18 38 26 82
94 34 23 25 82
95 38 39 5 82
96 63 1 18 82
97 36 3 43 82
98 23 57 3 83
99 14 31 38 83
100 50 25 9 84
101 51 32 1 84
102 31 16 37 84
103 15 64 5 84
104 48 7 30 85
105 44 39 2 85
106 46 38 1 85
107 55 25 5 85
108 14 45 27 86
109 36 28 22 86
110 2 35 49 86
111 56 1 29 86
112 16 9 61 86
113 28 37 21 86
114 81 5 1 87
115 12 9 67 88
116 10 57 21 88
117 32 44 12 88
118 22 51 16 89
119 22 16 52 90
120 22 19 49 90
121 11 19 60 90
122 7 53 30 90
123 61 23 6 90
124 27 2 62 91
125 37 18 37 92
126 4 63 25 92
127 12 1 79 92
128 3 78 11 92
129 29 23 40 92
130 2 4 87 93
131 48 28 17 93
132 43 47 3 93
133 22 32 39 93
134 13 35 45 93
135 26 29 39 94
136 35 53 6 94
137 30 2 62 94
138 70 18 6 94
139 55 15 24 94
140 26 52 16 94
141 65 22 8 95
142 45 20 30 95
143 2 20 73 95
144 29 18 48 95
145 17 1 77 95
146 49 16 30 95
147 37 37 22 96
148 3 86 7 96
149 28 25 43 96
150 9 86 1 96
151 18 57 21 96
152 12 31 53 96
153 35 22 39 96
154 89 1 6 96
155 55 9 32 96
156 35 9 52 96
157 21 47 29 97
158 15 46 36 97
159 41 15 41 97
160 71 11 15 97
161 68 11 18 97
162 38 20 39 97
163 9 64 24 97
164 2 88 7 97
165 17 69 12 98
166 10 31 57 98
167 38 15 45 98
168 19 55 24 98
169 23 28 47 98
170 6 80 12 98
171 52 44 3 99
172 28 34 37 99
173 18 3 78 99
174 88 7 4 99
175 34 37 28 99
176 2 3 94 99
177 29 58 13 100
178 1 40 59 100
179 66 18 16 100
180 19 16 65 100
181 32 3 65 100
182 59 22 20 101
183 31 36 34 101
184 27 29 45 101
185 7 13 82 102
186 17 40 45 102
187 18 56 28 102
188 20 4 78 102
189 37 32 33 102
190 20 22 60 102
191 16 55 31 102
192 60 30 12 102
193 26 19 57 102
194 70 11 22 103
195 23 51 29 103
196 32 23 48 103
197 84 13 6 103
198 56 9 38 103
199 28 72 3 103
200 27 9 67 103
201 32 64 7 103
202 53 2 48 103
203 52 41 11 104
204 16 28 60 104
205 59 36 9 104
206 55 14 35 104
207 37 51 16 104
208 24 75 5 104
209 31 5 68 104
210 53 2 49 104
211 39 24 41 104
212 59 14 32 105
213 10 17 78 105
214 20 25 60 105
215 13 55 38 106
216 28 64 14 106
217 77 18 11 106
218 8 61 37 106
219 1 22 84 107
220 4 63 40 107
221 27 74 6 107
222 51 4 52 107
223 15 24 68 107
224 71 5 32 108
225 14 64 30 108
226 14 3 91 108
227 55 41 12 108
228 40 10 59 109
229 38 5 66 109
230 40 60 9 109
231 52 40 17 109
232 32 45 32 109
233 78 26 5 109
234 23 52 34 109
235 56 43 10 109
236 65 17 27 109
237 45 5 60 110
238 42 23 45 110
239 49 56 5 110
240 21 22 67 110
241 53 45 12 110
242 6 25 79 110
243 8 55 47 110
244 68 32 10 110
245 7 23 80 110
246 48 21 41 110
247 40 29 42 111
248 34 69 8 111
249 13 65 33 111
250 10 82 19 111
251 11 41 59 111
252 1 48 63 112
253 10 48 54 112
254 59 20 33 112
255 43 31 38 112
256 10 44 58 112
257 44 29 39 112
258 58 41 14 113
259 40 56 17 113
260 25 75 13 113
261 42 60 11 113
262 22 61 30 113
263 65 47 1 113
264 22 85 6 113
265 46 26 41 113
266 71 27 15 113
267 7 77 29 113
268 5 55 53 113
269 49 63 2 114
270 20 73 21 114
271 17 24 73 114
272 3 71 41 115
273 21 34 60 115
274 8 38 69 115
275 77 15 23 115
276 40 65 10 115
277 13 27 75 115
278 21 67 27 115
279 33 68 14 115
280 27 46 42 115
281 10 83 22 115
282 15 28 72 115
283 44 19 52 115
284 12 90 13 115
285 58 47 11 116
286 11 65 40 116
287 46 49 21 116
288 27 64 25 116
289 40 26 50 116
290 13 64 39 116
291 70 41 6 117
292 15 71 31 117
293 49 43 25 117
294 46 51 20 117
295 6 29 82 117
296 90 15 12 117
297 19 35 63 117
298 94 3 21 118
299 24 75 19 118
300 49 56 13 118
301 57 33 28 118
302 31 26 61 118
303 67 7 44 118
304 71 27 20 118
305 72 13 34 119
306 37 71 11 119
307 58 21 40 119
308 48 3 68 119
309 47 52 20 119
310 45 53 21 119
311 40 6 74 120
312 52 7 61 120
313 40 50 31 121
314 71 9 41 121
315 48 7 66 121
316 5 26 90 121
317 65 4 52 121
318 25 77 19 121
319 74 8 40 122
320 49 44 29 122
321 52 40 30 122
322 25 52 45 122
323 80 14 28 122
324 31 23 68 122
325 54 59 10 123
326 95 9 19 123
327 47 70 6 123
328 11 29 83 123
329 53 13 57 123
330 25 6 93 124
331 59 56 9 124
332 83 7 34 124
333 63 1 60 124
334 39 65 20 124
335 20 40 64 124
336 27 62 35 124
337 60 36 28 124
338 26 91 8 125
339 61 38 26 125
340 65 42 18 125
341 24 4 97 125
342 55 14 56 125
343 95 13 17 125
344 85 4 36 125
345 54 12 59 125
346 51 50 25 126
347 72 23 31 126
348 66 8 52 126
349 30 21 75 126
350 16 18 92 126
351 41 74 11 126
352 38 9 79 126
353 47 34 46 127
354 16 93 18 127
355 10 95 22 127
356 14 72 41 127
357 35 44 48 127
358 27 18 82 127
359 20 44 63 127
360 24 6 97 127
361 30 8 89 127
362 38 44 45 127
363 59 6 63 128
364 1 62 65 128
365 52 35 41 128
366 69 7 52 128
367 12 85 31 128
368 17 79 32 128
369 33 79 16 128
370 63 12 53 128
371 65 47 16 128
372 66 60 3 129
373 16 41 72 129
374 35 55 39 129
375 8 75 47 130
376 38 6 86 130
377 88 35 7 130
378 8 59 63 130
379 37 79 14 130
380 22 48 60 130
381 18 41 71 130
382 22 17 91 130
383 24 77 29 130
384 5 81 44 130
385 21 21 88 130
386 48 50 32 130
387 5 66 60 131
388 15 37 79 131
389 46 8 77 131
390 81 1 49 131
391 22 12 97 131
392 93 19 19 131
393 24 45 62 131
394 82 38 11 131
395 69 23 40 132
396 15 83 34 132
397 39 16 77 132
398 52 23 57 132
399 91 26 15 132
400 92 9 32 133
401 44 19 70 133
402 18 24 91 133
403 63 1 69 133
404 60 9 64 133
405 28 30 75 133
406 7 67 59 133
407 65 35 33 133
408 26 51 57 134
409 47 15 72 134
410 56 65 13 134
411 34 95 5 134
412 1 35 98 134
413 6 67 61 134
414 26 73 35 134
415 44 28 62 134
416 33 10 92 135
417 93 23 19 135
418 43 11 81 135
419 59 15 61 135
420 1 89 45 135
421 72 62 1 135
422 76 14 45 135
423 65 40 30 135
424 18 25 92 135
425 90 27 18 135
426 45 44 47 136
427 57 73 6 136
428 97 1 38 136
429 74 59 3 136
430 65 25 46 136
431 77 12 48 137
432 79 51 7 137
433 53 16 68 137
434 62 42 33 137
435 55 68 14 137
436 14 64 59 137
437 80 17 40 137
438 72 36 29 137
439 21 22 94 137
440 47 54 36 137
441 70 6 62 138
442 65 70 3 138
443 88 16 34 138
444 43 21 74 138
445 60 58 20 138
446 51 26 61 138
447 69 35 35 139
448 8 43 88 139
449 31 20 88 139
450 40 69 30 139
451 67 27 45 139
452 95 13 31 139
453 19 72 48 139
454 50 55 34 139
455 64 55 20 139
456 30 26 83 139
457 38 81 20 139
458 32 73 35 140
459 16 62 62 140
460 5 48 87 140
461 88 20 32 140
462 28 39 74 141
463 32 14 95 141
464 50 16 75 141
465 61 51 29 141
466 10 86 45 141
467 19 69 53 141
468 35 11 95 141
469 21 82 38 141
470 7 50 85 142
471 61 54 27 142
472 52 86 4 142
473 54 4 84 142
474 86 50 6 142
475 37 30 75 142
476 43 88 12 143
477 74 57 12 143
478 34 85 25 144
479 80 62 2 144
480 53 17 74 144
481 94 43 7 144
482 42 89 13 144
483 34 51 59 144
484 88 45 11 144
485 8 84 53 145
486 60 66 19 145
487 32 30 83 145
488 29 19 97 145
489 65 34 46 145
490 37 87 21 145
491 10 76 60 146
492 81 44 21 146
493 15 34 97 146
494 60 3 83 146
495 62 77 7 146
496 92 46 8 146
497 35 27 84 146
498 22 60 65 147
499 20 42 85 147
500 79 28 40 147
501 83 57 7 147
502 58 29 60 147
503 39 74 34 147
504 30 75 42 147
505 55 34 58 147
506 50 23 74 147
507 39 97 12 148
508 19 67 62 148
509 94 18 36 148
510 79 13 56 148
511 69 49 30 148
512 66 10 73 149
513 57 24 68 149
514 68 74 7 149
515 51 20 78 149
516 37 62 50 149
517 22 58 69 149
518 50 62 38 150
519 58 32 60 150
520 75 5 70 150
521 11 49 90 150
522 42 49 59 150
523 43 31 76 150
524 39 36 75 150
525 70 30 50 150
526 45 93 12 150
527 60 25 65 150
528 22 71 58 151
529 62 4 85 151
530 98 24 29 151
531 3 90 58 151
532 78 5 68 151
533 53 83 16 152
534 34 66 52 152
535 12 87 53 152
536 6 57 89 152
537 53 72 27 152
538 55 68 29 152
539 32 98 22 152
540 39 48 65 152
541 10 53 89 152
542 57 4 91 152
543 23 41 89 153
544 61 81 11 153
545 20 95 38 153
546 28 44 81 153
547 26 58 69 153
548 92 7 55 154
549 73 9 72 154
550 75 47 32 154
551 10 77 67 154
552 39 92 23 154
553 17 50 87 154
554 67 74 14 155
555 84 28 43 155
556 58 9 88 155
557 86 25 44 155
558 47 48 61 156
559 52 58 46 156
560 59 3 94 156
561 56 4 96 156
562 26 89 41 156
563 50 38 68 156
564 50 90 16 156
565 43 87 26 156
566 95 33 28 156
567 80 12 64 156
568 46 92 19 157
569 45 84 28 157
570 28 39 90 157
571 39 37 81 157
572 50 47 60 157
573 24 50 83 157
574 35 77 45 157
575 59 14 84 157
576 78 19 60 157
577 52 40 66 158
578 22 55 81 158
579 54 80 24 158
580 70 85 3 158
581 23 95 40 158
582 14 60 84 158
583 89 62 7 158
584 18 51 89 158
585 73 8 77 158
586 2 73 83 158
587 61 68 29 158
588 75 7 76 158
589 13 82 63 158
590 60 15 83 158
591 56 40 63 159
592 64 23 72 159
593 45 36 78 159
594 74 46 39 159
595 67 31 61 159
596 11 74 74 159
597 45 26 88 159
598 8 67 85 160
599 56 90 14 160
600 12 59 89 160
601 79 28 53 160
602 84 52 24 160
603 57 86 17 160
604 22 55 83 160
605 79 1 80 160
606 27 90 43 160
607 72 57 31 160
608 89 33 38 160
609 53 66 41 160
610 88 51 21 160
611 5 94 61 160
612 32 41 87 160
613 43 38 80 161
614 28 72 61 161
615 65 85 11 161
616 70 64 27 161
617 26 56 79 161
618 49 21 91 161
619 48 26 87 161
620 12 78 71 161
621 47 50 64 161
622 70 64 27 161
623 20 59 82 161
624 75 19 67 161
625 51 61 49 161
626 77 52 33 162
627 61 88 13 162
628 72 17 73 162
629 65 31 66 162
630 73 39 50 162
631 55 73 34 162
632 46 31 85 162
633 36 49 77 162
634 68 62 33 163
635 74 84 5 163
636 9 58 96 163
637 92 38 33 163
638 91 2 71 164
639 4 67 93 164
640 76 50 38 164
641 73 39 52 164
642 3 86 75 164
643 38 42 84 164
644 37 88 39 164
645 22 64 79 165
646 69 66 30 165
647 53 29 83 165
648 73 89 3 165
649 81 8 76 165
650 62 95 8 165
651 43 27 95 165
652 96 9 60 165
653 76 68 22 166
654 73 7 86 166
655 28 48 90 166
656 91 33 42 166
657 23 97 46 166
658 15 65 86 166
659 62 16 88 166
660 48 64 54 166
661 42 70 54 166
662 50 36 80 166
663 80 78 9 167
664 72 14 81 167
665 62 10 95 167
666 79 50 38 167
667 24 76 67 167
668 34 38 96 168
669 86 24 58 168
670 65 19 84 168
671 14 57 97 168
672 37 82 51 170
673 32 48 90 170
674 56 62 53 171
675 23 98 50 171
676 75 5 91 171
677 93 59 19 171
678 72 95 5 172
679 81 80 11 172
680 36 94 42 172
681 98 22 52 172
682 73 43 56 172
683 37 74 61 172
684 17 62 93 172
685 97 47 29 173
686 76 54 43 173
687 35 87 51 173
688 47 29 97 173
689 34 64 75 173
690 91 32 50 173
691 88 44 41 173
692 58 47 69 174
693 50 91 33 174
694 36 77 61 174
695 89 48 37 174
696 97 17 60 174
697 44 78 52 174
698 83 46 45 174
699 81 50 43 174
700 56 62 57 175
701 93 12 70 175
702 73 80 22 175
703 97 41 37 175
704 85 29 61 175
705 56 43 76 175
706 47 48 81 176
707 28 72 76 176
708 93 53 30 176
709 73 48 55 176
710 32 53 91 176
711 96 65 16 177
712 66 55 56 177
713 38 96 43 177
714 64 34 79 177
715 25 82 70 177
716 62 23 92 177
717 46 85 46 177
718 5 80 92 177
719 87 31 59 177
720 45 85 47 177
721 86 39 52 177
722 73 85 20 178
723 97 14 67 178
724 70 47 61 178
725 86 37 55 178
726 76 19 84 179
727 70 65 44 179
728 82 8 89 179
729 2 86 91 179
730 78 64 38 180
731 84 33 63 180
732 50 74 56 180
733 76 48 56 180
734 12 95 74 181
735 48 55 78 181
736 29 81 71 181
737 51 70 60 181
738 52 66 63 181
739 41 45 96 182
740 32 75 75 182
741 21 84 77 182
742 18 75 89 182
743 91 63 28 182
744 55 37 90 182
745 76 54 52 182
746 87 40 55 182
747 82 34 67 183
748 32 70 81 183
749 73 61 49 183
750 61 28 94 183
751 73 64 46 183
752 88 33 63 184
753 77 27 80 184
754 73 38 73 184
755 42 69 73 184
756 85 40 59 184
757 52 64 69 185
758 42 87 56 185
759 74 27 84 185
760 90 73 22 185
761 76 72 37 185
762 60 41 84 185
763 68 27 90 185
764 68 53 65 186
765 41 87 58 186
766 32 80 74 186
767 37 86 63 186
768 94 42 50 186
769 59 58 69 186
770 95 71 20 186
771 16 79 91 186
772 43 69 74 186
773 84 85 17 186
774 80 67 40 187
775 91 70 26 187
776 72 35 80 187
777 78 88 21 187
778 44 86 57 187
779 38 56 93 187
780 46 52 89 187
781 68 61 59 188
782 98 39 51 188
783 77 36 75 188
784 31 94 63 188
785 55 95 38 188
786 58 36 94 188
787 81 18 89 188
788 42 49 97 188
789 76 40 72 188
790 25 90 74 189
791 85 93 11 189
792 81 40 68 189
793 85 77 27 189
794 83 22 84 189
795 80 74 35 189
796 16 83 90 189
797 75 16 98 189
798 14 89 86 189
799 91 45 53 189
800 77 82 30 189
801 89 13 87 189
802 70 33 87 190
803 97 70 23 190
804 64 96 30 190
805 56 83 51 190
806 61 81 48 190
807 88 81 21 190
808 68 71 51 190
809 85 81 25 191
810 17 88 86 191
811 59 66 66 191
812 93 27 71 191
813 21 88 82 191
814 44 71 76 191
815 87 90 14 191
816 42 72 78 192
817 95 66 31 192
818 76 85 31 192
819 79 27 86 192
820 82 38 72 192
821 16 92 84 192
822 47 50 96 193
823 36 73 84 193
824 19 84 90 193
825 53 95 45 193
826 36 91 66 193
827 51 73 70 194
828 88 9 97 194
829 49 66 79 194
830 42 57 95 194
831 6 94 94 194
832 91 70 33 194
833 69 72 54 195
834 79 55 61 195
835 81 92 22 195
836 60 56 79 195
837 97 4 94 195
838 98 1 97 196
839 96 67 33 196
840 98 91 7 196
841 97 98 1 196
842 70 85 41 196
843 86 38 72 196
844 96 63 38 197
845 33 87 77 197
846 72 76 49 197
847 85 37 76 198
848 57 60 81 198
849 95 46 57 198
850 97 63 38 198
851 63 48 87 198
852 84 69 45 198
853 92 58 49 199
854 59 66 74 199
855 28 89 82 199
856 83 79 37 199
857 93 28 78 199
858 95 37 68 200
859 86 33 81 200
860 82 70 48 200
861 83 63 54 200
862 76 94 30 200
863 49 91 61 201
864 69 65 67 201
865 63 77 62 202
866 86 76 40 202
867 89 78 35 202
868 35 70 97 202
869 36 98 68 202
870 61 58 84 203
871 76 47 80 203
872 41 81 81 203
873 23 92 88 203
874 89 67 47 203
875 89 74 40 203
876 66 39 98 203
877 40 68 95 203
878 46 86 72 204
879 89 75 41 205
880 94 76 35 205
881 60 81 64 205
882 54 93 60 207
883 72 96 39 207
884 61 48 98 207
885 78 94 36 208
886 65 66 77 208
887 63 48 98 209
888 87 40 82 209
889 77 94 38 209
890 79 45 86 210
891 91 70 49 210
892 84 54 72 210
893 95 55 60 210
894 67 48 96 211
895 78 74 59 211
896 61 80 70 211
897 75 47 89 211
898 63 85 64 212
899 62 74 76 212
900 69 91 53 213
901 79 79 55 213
902 46 93 74 213
903 96 42 76 214
904 77 40 97 214
905 63 70 81 214
906 72 81 61 214
907 53 94 67 214
908 96 25 94 215
909 72 86 57 215
910 69 83 64 216
911 32 86 98 216
912 54 86 76 216
913 94 89 33 216
914 75 80 62 217
915 86 66 65 217
916 78 59 80 217
917 83 71 63 217
918 82 62 73 217
919 88 65 65 218
920 89 50 79 218
921 92 72 55 219
922 90 45 84 219
923 86 45 88 219
924 85 61 74 220
925 71 66 83 220
926 59 66 96 221
927 83 67 71 221
928 83 89 49 221
929 95 84 42 221
930 67 81 73 221
931 82 49 92 223
932 84 80 59 223
933 86 80 58 224
934 96 57 71 224
935 90 62 72 224
936 64 67 94 225
937 66 73 86 225
938 90 46 91 227
939 65 94 68 227
940 66 67 94 227
941 75 70 83 228
942 77 53 98 228
943 49 87 92 228
944 57 90 81 228
945 33 97 98 228
946 84 63 82 229
947 84 95 51 230
948 72 96 62 230
949 74 85 72 231
950 94 69 68 231
951 93 93 46 232
952 77 98 58 233
953 94 52 87 233
954 69 69 95 233
955 87 76 70 233
956 73 82 79 234
957 70 70 94 234
958 75 93 66 234
959 88 75 73 236
960 87 93 56 236
961 84 94 58 236
962 98 69 70 237
963 70 83 84 237
964 76 76 86 238
965 91 62 87 240
966 84 90 66 240
967 53 89 98 240
968 97 77 67 241
969 80 85 77 242
970 86 80 76 242
971 67 92 84 243
972 95 70 78 243
973 94 65 85 244
974 87 62 95 244
975 68 96 81 245
976 74 79 93 246
977 84 84 78 246
978 72 87 89 248
979 64 96 88 248
980 80 90 79 249
981 83 98 68 249
982 75 88 86 249
983 96 97 59 252
984 91 90 71 252
985 92 91 70 253
986 98 65 90 253
987 85 72 97 254
988 91 68 97 256
989 79 91 86 256
990 91 84 81 256
991 97 84 75 256
992 89 82 85 256
993 91 79 93 263
994 95 79 89 263
995 95 85 84 264
996 93 93 79 265
997 97 98 70 265
998 93 95 81 269
999 97 95 78 270
1000 81 96 96 273

Sorting complete. Time taken: 0.004248 seconds